type,name,module,path,hash
"csv","agent-manifest","_config","_config/agent-manifest.csv","a8b9558b9ea95c8c4e8233dbb166ef825f78e522dacce55c840d8b9cf06da01b"
"csv","task-manifest","_config","_config/task-manifest.csv","6297d6c4e64363dd8968092e4e1cdd819575e0169ffe4db10fa7f9a91f78ee32"
"csv","workflow-manifest","_config","_config/workflow-manifest.csv","38651dcb8a348ddaf48df2d7dc52acc4ff10a220031cf0eaf98a3d6b825f7870"
"yaml","manifest","_config","_config/manifest.yaml","ee9488322037dd3c8328148cfcbe9260442fcd41f17e577d87e6edb242dc01ca"
"md","documentation-standards","_memory","_memory/tech-writer-sidecar/documentation-standards.md","b046192ee42fcd1a3e9b2ae6911a0db38510323d072c8d75bad0594f943039e4"
"md","stories-told","_memory","_memory/storyteller-sidecar/stories-told.md","47ee9e599595f3d9daf96d47bcdacf55eeb69fbe5572f6b08a8f48c543bc62de"
"md","story-preferences","_memory","_memory/storyteller-sidecar/story-preferences.md","b70dbb5baf3603fdac12365ef24610685cba3b68a9bc41b07bbe455cbdcc0178"
"yaml","config","_memory","_memory/config.yaml","0607147c1c0d95893eb511971e95c1547631af708c96a9a584cc4d080036a243"
"csv","common-workflow-tools","bmb","bmb/workflows/workflow/data/common-workflow-tools.csv","e59bc1d76db128ff04c53fab4b4f840f486f9804ed0d7fb7af1f62c15c2eb86a"
"csv","communication-presets","bmb","bmb/workflows/agent/data/communication-presets.csv","1297e9277f05254ee20c463e6071df3811dfb8fe5d1183ce07ce9b092cb3fd16"
"csv","module-help","bmb","bmb/module-help.csv","f25e9885efd06c5f7a51466c65f6016c77f5767e924a644508877bcb3575cb88"
"md","agent-architecture","bmb","bmb/workflows/agent/data/agent-architecture.md","4e7108717cb0da3e4b35680bcea350731f69497d60f09e8db036008eb16b8266"
"md","agent-architecture","bmb","bmb/workflows/module/data/agent-architecture.md","292bb887f2b6bfbe7536ae2a3d936c51bce8f55680298ccc5620ae38081017ca"
"md","agent-compilation","bmb","bmb/workflows/agent/data/agent-compilation.md","d0722de16e620caf44843fb5e02324fd1f6a1e325c4957bcf596b9652c95b15f"
"md","agent-menu-patterns","bmb","bmb/workflows/agent/data/agent-menu-patterns.md","df5298d5cccd946fc36cf79ee0a21f9680d878a50cb9de7eecc49a250d6922e2"
"md","agent-metadata","bmb","bmb/workflows/agent/data/agent-metadata.md","b49dab109782f56bb915744f67af36abdef810735665a13405ca327607b06e30"
"md","agent-plan.template","bmb","bmb/workflows/agent/templates/agent-plan.template.md","81e79756fb4c368c568ba05efcd276d1d52a111163827439733554f4d94e3094"
"md","agent-spec-template","bmb","bmb/workflows/module/data/agent-spec-template.md","ff68be471450daf91dc6d3c2d96ee2a8638acd7f26589abf4c328d8df7547677"
"md","agent-template","bmb","bmb/workflows/agent/templates/agent-template.md","bfaf5b7675d94279734fde32ea43a7f2383b045a027c74f426a3ea43b5f9baee"
"md","agent-validation","bmb","bmb/workflows/agent/data/agent-validation.md","df9aa540d62084b617200c312c751ee920b492afbc4aea3f54cebc4964f7b6ac"
"md","architect","bmb","bmb/workflows/agent/data/reference/module-examples/architect.md","fd9d3138eb02f9a2a770a90cad57a72827965deb9d5944a2fea22af03a95e0ab"
"md","architecture","bmb","bmb/workflows/workflow/data/architecture.md","94f6ff8b32bc819ca9f9f2f43c50562fd1ed25d82ffcb0e33795f7e36243626b"
"md","brainstorm-context","bmb","bmb/workflows/agent/data/brainstorm-context.md","f2685504ff1c781fc1829f9550d9c2f3f0fde4bc9f451515ce653abef0366b76"
"md","brief-template","bmb","bmb/workflows/module/templates/brief-template.md","9b3a5aab977cd189317321b92d512110fa13993a27447b25143fff14b24f6f84"
"md","critical-actions","bmb","bmb/workflows/agent/data/critical-actions.md","86dc92ca4fdd8ab8d1783da4c74ba03eb0ecbda105f4af9fe15decd70c871f4e"
"md","csv-data-file-standards","bmb","bmb/workflows/workflow/data/csv-data-file-standards.md","3efef22ebe70e0c89e34a5ab74cd51d89b56ac4404279e85bc5c1606e258ae79"
"md","e-01-load-existing","bmb","bmb/workflows/agent/steps-e/e-01-load-existing.md","e672dacda200987c944ac8aee8a8d4b25c30832eb52555ffb55235a98dacec19"
"md","e-02-discover-edits","bmb","bmb/workflows/agent/steps-e/e-02-discover-edits.md","8f902e4c5e0c9c54e764bbc4aadde79302bd069c6115f07ca3d8d3e756a26ef9"
"md","e-03-placeholder","bmb","bmb/workflows/agent/steps-e/e-03-placeholder.md","4076b77b471144f7bd58454a2652bed9a11a964bb249df95272b73590757a95e"
"md","e-04-sidecar-metadata","bmb","bmb/workflows/agent/steps-e/e-04-sidecar-metadata.md","170932df21c468495c1295da4122d2a730555ab8ef135a23884c5cd4b23463a8"
"md","e-05-persona","bmb","bmb/workflows/agent/steps-e/e-05-persona.md","93742cd56f05ff1eb25cb3357908e5e3d65c253f05260f6cf6680eea8e510a21"
"md","e-06-commands-menu","bmb","bmb/workflows/agent/steps-e/e-06-commands-menu.md","bcaaf0ed3a3ac1ee57393e4c5fc138ca971741019ccc8edc3fdec13bf755304c"
"md","e-07-activation","bmb","bmb/workflows/agent/steps-e/e-07-activation.md","287eade210793c82fa99f47871fa36666af2406d0b8710a05c061d8c4d11dbb1"
"md","e-08-edit-agent","bmb","bmb/workflows/agent/steps-e/e-08-edit-agent.md","1f7d857f21bbeb79fce3f2141c3627269c58a223afd90c301fec1d4087b083a4"
"md","e-09-celebrate","bmb","bmb/workflows/agent/steps-e/e-09-celebrate.md","20f273e2c55d5d38d49b2161bc3303a003126af61799e13a1f5e398d6578889f"
"md","frontmatter-standards","bmb","bmb/workflows/workflow/data/frontmatter-standards.md","95c756d4dd8eebca708bd03983b8c95374babbeedd9963a7dd89908be0bc0c7a"
"md","input-discovery-standards","bmb","bmb/workflows/workflow/data/input-discovery-standards.md","6e71ec3582a13d1836b12fcca40a50f2d8c30b4bb37f78f622c540054403cb7c"
"md","intent-vs-prescriptive-spectrum","bmb","bmb/workflows/workflow/data/intent-vs-prescriptive-spectrum.md","d5e10863d2ba52e0d0cfdc67cdfcb358bc1bbfa900c0a47ce1383cff81c14e46"
"md","menu-handling-standards","bmb","bmb/workflows/workflow/data/menu-handling-standards.md","f664abbedbb71e712486c2b03a5131b05b5f89ba6557d2c35f0b123512153673"
"md","minimal-output-template","bmb","bmb/workflows/workflow/templates/minimal-output-template.md","ff4c222f36c3589529eb3b1df80f914b64de76f74022332e555fbf2402bf2a7f"
"md","module-help-generate","bmb","bmb/workflows/module/module-help-generate.md","4c2099aacd4fc923ab7b2f4696e786d34cc2b55a0e86bd3ead757743a02a3e02"
"md","module-standards","bmb","bmb/workflows/module/data/module-standards.md","f3f008189dcb85978b1ca43ec7396d3e7587b2ec16d513297e568a9df980ad46"
"md","module-yaml-conventions","bmb","bmb/workflows/module/data/module-yaml-conventions.md","61b0f880aa99920f25d95b3ce333fa384f91d2eb2ed6d5179ba5b7524d9e625c"
"md","output-format-standards","bmb","bmb/workflows/workflow/data/output-format-standards.md","8975765f4cf43478685529d559ad95691a677c85ebd1af42088f02dd83d448a3"
"md","persona-properties","bmb","bmb/workflows/agent/data/persona-properties.md","d71a2a855d3f12f742d0b1ebcd6a1bb99550d1b22f56c3c5e038a53d13e6970d"
"md","principles-crafting","bmb","bmb/workflows/agent/data/principles-crafting.md","33e40c3aa10b27e7a33277b90c294dbcdc1df5b6c4115ebf3c18ff47943ce65f"
"md","step-00-conversion","bmb","bmb/workflows/workflow/steps-c/step-00-conversion.md","f1cff1e6117c249a845dcbe6361d89a356a2d9c41b1700c455dc4af667a84016"
"md","step-01-brainstorm","bmb","bmb/workflows/agent/steps-c/step-01-brainstorm.md","8b56200dc67a43d3eb2afff9d329aa3ed07beeeb362b00b3b521a4de1f9a2b34"
"md","step-01-discovery","bmb","bmb/workflows/workflow/steps-c/step-01-discovery.md","14bafd883635c3606ecf63c82ea126b5bdad86980eee334e157dae5de04811c2"
"md","step-01-init-continuable-template","bmb","bmb/workflows/workflow/templates/step-01-init-continuable-template.md","f211cf173c79b773a54612ad705e4fbbc0c936a5d4671a450602e8f73cab1183"
"md","step-01-load-brief","bmb","bmb/workflows/module/steps-c/step-01-load-brief.md","d11ae0c2fe17d2b8427ef5b96c06c2f870e6bf3a204f2eafebce8354f850bc90"
"md","step-01-load-target","bmb","bmb/workflows/module/steps-e/step-01-load-target.md","26aef55b965315443a35e6a0d55c9ce003c2bd9a0996bc209e638680a6969dd5"
"md","step-01-load-target","bmb","bmb/workflows/module/steps-v/step-01-load-target.md","27fba2bf4be60ce6d4d00b491deb3bf8ae2af9c078d97cb4629a14268a1b45e1"
"md","step-01-validate","bmb","bmb/workflows/workflow/steps-v/step-01-validate.md","7062165cc403137878ec484a8a70215288d2b611a8b2153f45f814d3d1a9d58a"
"md","step-01-validate-max-mode","bmb","bmb/workflows/workflow/steps-v/step-01-validate-max-mode.md","cf2de5888a6b3e025912769dc417d707391bb5885c973ed6359d16666540c313"
"md","step-01-welcome","bmb","bmb/workflows/module/steps-b/step-01-welcome.md","360f177df40eb103c3a39118fc0d0e38c4bbe5e042555dc22ec75f96888bedcd"
"md","step-01b-continuation","bmb","bmb/workflows/workflow/steps-c/step-01b-continuation.md","26b8ca474a892000d5b9f87bf9defc85af381fb3ae27b4b8aa8e2aafedebcd8d"
"md","step-01b-continue","bmb","bmb/workflows/module/steps-c/step-01b-continue.md","9909a6a213dea8e35f730713d947baf068e30d734e8209389b727baff1f339e6"
"md","step-01b-structure","bmb","bmb/workflows/workflow/steps-v/step-01b-structure.md","1a5c4344f777331ebf3f26f0f96b0d384ced6d3ad1e261041bd0942b328a62b4"
"md","step-02-classification","bmb","bmb/workflows/workflow/steps-c/step-02-classification.md","d31e2b451af0dcdd3d6c6695143200f0b40c3e8725ddf09849810f6984b76286"
"md","step-02-discovery","bmb","bmb/workflows/agent/steps-c/step-02-discovery.md","52aadeb5dab8d4c0b43bdfb68bf7b32ea03ead412826c20f5c0c1afcb9c87d42"
"md","step-02-file-structure","bmb","bmb/workflows/module/steps-v/step-02-file-structure.md","db23a0e73ed9e7885b6e629a7b631db142920857ba3a8e7db4c6de8339be0514"
"md","step-02-frontmatter-validation","bmb","bmb/workflows/workflow/steps-v/step-02-frontmatter-validation.md","86fede3dd8b992eeeeb962bd217dcb9d002aad2def3acbf0b8f3ea4f089bf1d4"
"md","step-02-select-edit","bmb","bmb/workflows/module/steps-e/step-02-select-edit.md","54c0825ec764e38481a4edb1524a2505dc5eff079a844ab4384eb6d264511680"
"md","step-02-spark","bmb","bmb/workflows/module/steps-b/step-02-spark.md","675a83d6c257439ac1c6a508358ff09f532075bcb4f97c1037f626324f431e34"
"md","step-02-structure","bmb","bmb/workflows/module/steps-c/step-02-structure.md","a92a42777e4aa90ae90f3a4cde49a4e46dc6d390d5f8b0e6c25cbd0749534626"
"md","step-02b-path-violations","bmb","bmb/workflows/workflow/steps-v/step-02b-path-violations.md","34da677fd6b3bcbc54ffa8fba8c690a21e0189000aa30331c586438ad397c977"
"md","step-03-apply-edit","bmb","bmb/workflows/module/steps-e/step-03-apply-edit.md","4cc07b6468e7e8ce8b941e5c74d132f5657caa58086586cc80eebd223a4114fd"
"md","step-03-config","bmb","bmb/workflows/module/steps-c/step-03-config.md","ca89836174c4b76051d43457aa0217295d5bf4eb2800c03ed2d29832d09cd369"
"md","step-03-menu-validation","bmb","bmb/workflows/workflow/steps-v/step-03-menu-validation.md","b484b7e112339facc41edee5631a513c89f4f5d90c2303e9457deb96ce3287af"
"md","step-03-module-type","bmb","bmb/workflows/module/steps-b/step-03-module-type.md","0e41528e462d831ff005fdadce5a38351ebc6e95e272b79a43615c322e884e09"
"md","step-03-module-yaml","bmb","bmb/workflows/module/steps-v/step-03-module-yaml.md","3a69cb73ae898484401c3ffbd203fb3ab74d5678933ae460d2bcc2786e876493"
"md","step-03-requirements","bmb","bmb/workflows/workflow/steps-c/step-03-requirements.md","4954b42e344ce6f728fc3dc8df3ad5eeac0ce6d73fb08c8ff09d762e9364fd71"
"md","step-03-sidecar-metadata","bmb","bmb/workflows/agent/steps-c/step-03-sidecar-metadata.md","ecd17fb960120f8709d0b1f95c265a6275a4672db9b02458cf9df7b6d2a6681e"
"md","step-04-agent-specs","bmb","bmb/workflows/module/steps-v/step-04-agent-specs.md","a8d5eac1f5e8693c370bdb774c926a45cf5afde8d94e6996862664cdee444849"
"md","step-04-agents","bmb","bmb/workflows/module/steps-c/step-04-agents.md","22b913e38f32f9bf388f43290a17726318986d559b42b188f26bf97a20e651d3"
"md","step-04-persona","bmb","bmb/workflows/agent/steps-c/step-04-persona.md","cd8b5845b987eeff0cdf16a913e2de439e32e927a1b4f977fee238e56c02d9a4"
"md","step-04-review","bmb","bmb/workflows/module/steps-e/step-04-review.md","9b86a5d09668674accd03cb47cd6c437c2117ee23562bb2bcea8ddc6979eefeb"
"md","step-04-step-type-validation","bmb","bmb/workflows/workflow/steps-v/step-04-step-type-validation.md","3a923bcad87fc74036fdefa8f42d360b8d02b678f9077aedd18654e94d966f7a"
"md","step-04-tools","bmb","bmb/workflows/workflow/steps-c/step-04-tools.md","623adb4ca3a6e47a27e78ebc55ea45b89866ca60e04aa05f9907f6bdf8a9f57c"
"md","step-04-vision","bmb","bmb/workflows/module/steps-b/step-04-vision.md","cac4ca0fe32092801503f906fdfa868e65ba0490877daeb23a274571135ecddc"
"md","step-05-commands-menu","bmb","bmb/workflows/agent/steps-c/step-05-commands-menu.md","daf554f3cedfcb26381bec533b00cfbb73cc688dcaa72167eba852cead8fa861"
"md","step-05-confirm","bmb","bmb/workflows/module/steps-e/step-05-confirm.md","1abeb25cd94e0396642e0ffd4d68d1b21350c51f2eee86bf403fb6f406a22408"
"md","step-05-identity","bmb","bmb/workflows/module/steps-b/step-05-identity.md","c81aa920cf83f04a51585675b2b09d756d7c5bb9e851ccea66e25d76aeaf3cff"
"md","step-05-output-format-validation","bmb","bmb/workflows/workflow/steps-v/step-05-output-format-validation.md","824a0bea33d14e5694f6b58504eb655af26ccd3d1001a40179861146038d77e6"
"md","step-05-plan-review","bmb","bmb/workflows/workflow/steps-c/step-05-plan-review.md","852bb996af5ccdb7df158106ba7c98698b21f667b5fd1c3256c1929839b73e38"
"md","step-05-workflow-specs","bmb","bmb/workflows/module/steps-v/step-05-workflow-specs.md","870c35fdc1e486b67fc21876964c28db1286e6e63acf83ec35f27ec274d8e868"
"md","step-05-workflows","bmb","bmb/workflows/module/steps-c/step-05-workflows.md","f924f8d79fc3dfc85170b321dd08b414cbb09eadaaf4f07e55fe3b9b60049026"
"md","step-06-activation","bmb","bmb/workflows/agent/steps-c/step-06-activation.md","cd892bde609db408cdd73ef503eb9aede24ec575e161ab43b40f84001cd6c182"
"md","step-06-design","bmb","bmb/workflows/workflow/steps-c/step-06-design.md","9873ef3c4ac9f9dc68e552e626a7c20091eba1c9d19f1fa76b2ba0738d0bc082"
"md","step-06-docs","bmb","bmb/workflows/module/steps-c/step-06-docs.md","5d05cf19d95dfc3f40d1051612a4a97e8e0fb161e6892cc886df5b1bcbef8888"
"md","step-06-documentation","bmb","bmb/workflows/module/steps-v/step-06-documentation.md","8b747c69aeda2222c980c0341fceaa7596e819420eead2e1cee634b17ddb4803"
"md","step-06-users","bmb","bmb/workflows/module/steps-b/step-06-users.md","9e96d114253f41272cb022879db49487e35c81d21163b4358a3f287d8714aa60"
"md","step-06-validation-design-check","bmb","bmb/workflows/workflow/steps-v/step-06-validation-design-check.md","8eb78dc10848d8e33a6c84fee38210fef8e4431aa25c318d596d25d69f9755f5"
"md","step-07-build-agent","bmb","bmb/workflows/agent/steps-c/step-07-build-agent.md","2211519285b1fa8b3f8c6407d9f15121473b15ca273ad174377351312c10f4c9"
"md","step-07-complete","bmb","bmb/workflows/module/steps-c/step-07-complete.md","af457b4579d6e8396b7ade272b04453df3422ca7a1db6bdc0e77097b6ad5804b"
"md","step-07-foundation","bmb","bmb/workflows/workflow/steps-c/step-07-foundation.md","da4a6efc428c003dc9576c243111e2b29843608adb864105d5e130cae18498eb"
"md","step-07-installation","bmb","bmb/workflows/module/steps-v/step-07-installation.md","06966e9496de39e7a6204c61c14a35dd0298af1485226b9f8eaac06e4a816633"
"md","step-07-instruction-style-check","bmb","bmb/workflows/workflow/steps-v/step-07-instruction-style-check.md","b9ce0212ea49b3dfdb7204f9cfa5c59b25f4e314d2ab9cc27a95c1f432faa2f9"
"md","step-07-value","bmb","bmb/workflows/module/steps-b/step-07-value.md","8a1fadb590730bbcb33454974ffad289d6f61a93c1d317ee883f60311c003f2e"
"md","step-08-agents","bmb","bmb/workflows/module/steps-b/step-08-agents.md","891f06eb89c9bbf687286252a4dda6cb19b0cc0b084f4b919aab5d7518fa9c77"
"md","step-08-build-step-01","bmb","bmb/workflows/workflow/steps-c/step-08-build-step-01.md","cbdea1291bd9f2fe5d112ceb61caa05a81b00566997e4c5f7fc6d32ec4666267"
"md","step-08-celebrate","bmb","bmb/workflows/agent/steps-c/step-08-celebrate.md","540fc2dc69aa402ffd7222ff37379100497e188ebec42616240b8c2b7d4ac493"
"md","step-08-collaborative-experience-check","bmb","bmb/workflows/workflow/steps-v/step-08-collaborative-experience-check.md","5cffb645b0175b823f9607530625d1903920532f95e0d92b71fb233043dc4f4e"
"md","step-08-report","bmb","bmb/workflows/module/steps-v/step-08-report.md","8e1d295dc29b6dab5fe0ec81f51b614cb8a62b849fe10895093685b3164fe2bd"
"md","step-08b-subprocess-optimization","bmb","bmb/workflows/workflow/steps-v/step-08b-subprocess-optimization.md","1934aa38ebabab0ddf2777cacddd96f37554dcda8f80812b87564a4b64925c36"
"md","step-09-build-next-step","bmb","bmb/workflows/workflow/steps-c/step-09-build-next-step.md","e814302a0713f910baadf6eda45696cd0ef632c4db38e32864f876fb2468cb38"
"md","step-09-cohesive-review","bmb","bmb/workflows/workflow/steps-v/step-09-cohesive-review.md","77e00f46ae55bb95ebeacc6380871befb2f60844f547b260eca08e77cb1e8618"
"md","step-09-workflows","bmb","bmb/workflows/module/steps-b/step-09-workflows.md","ce099465badf171f4451ebc6064de306e85807875f747bf5f4e3542ec93961e8"
"md","step-10-confirmation","bmb","bmb/workflows/workflow/steps-c/step-10-confirmation.md","17826ad707f57f19061cb227dc8234b2338175e9ef52a5ba4acde9c3be5f7ab6"
"md","step-10-report-complete","bmb","bmb/workflows/workflow/steps-v/step-10-report-complete.md","901274400fa20398593f392b2ec17da88045b09c6f36f29e71e0d4219d86acf0"
"md","step-10-tools","bmb","bmb/workflows/module/steps-b/step-10-tools.md","c66a53c8b35261e511663ada1adfc62486a7d8183a51f348e28ee74fb5cdb8bf"
"md","step-11-completion","bmb","bmb/workflows/workflow/steps-c/step-11-completion.md","fa84481cdadc7405628c44b18e231b5ced89dcf1105cc5ec7b0d57c3b085f193"
"md","step-11-plan-validation","bmb","bmb/workflows/workflow/steps-v/step-11-plan-validation.md","33421d9536fee94228d57adceddff16fe3ef2fb39e97402db855b449c74e1908"
"md","step-11-scenarios","bmb","bmb/workflows/module/steps-b/step-11-scenarios.md","27115e07abbee27dc44ddd519586a1f00e3069c1fda7998e726ca966d0774c9b"
"md","step-12-creative","bmb","bmb/workflows/module/steps-b/step-12-creative.md","f573cda16421dbf02433efcbc36f044a836badccbe2d112de0e72a60f9627043"
"md","step-13-review","bmb","bmb/workflows/module/steps-b/step-13-review.md","7fbe0bfad983bee2be1a658e9d761ec814b81609dcd297e6ef5cce52221f68ce"
"md","step-14-finalize","bmb","bmb/workflows/module/steps-b/step-14-finalize.md","6ec52af56a4158156c900efa3438b3e6c66d9483ef5406943a47308a91512f4a"
"md","step-1b-template","bmb","bmb/workflows/workflow/templates/step-1b-template.md","1728f01e00cad05b727d292dd9f163c3d94e70cff3243c67f958aa412bffc5aa"
"md","step-e-01-assess-workflow","bmb","bmb/workflows/workflow/steps-e/step-e-01-assess-workflow.md","d35285d365240ef997b47c262715326293a47835f84d71cbe20f8084ef62ad67"
"md","step-e-02-discover-edits","bmb","bmb/workflows/workflow/steps-e/step-e-02-discover-edits.md","7066e66d5c16b5c853d60bb53a0ff9396236d0af3a7ebecbab2cdfbc329f4c84"
"md","step-e-03-fix-validation","bmb","bmb/workflows/workflow/steps-e/step-e-03-fix-validation.md","c62da8d8a497865d163774ef99c961d0b465b8863684dd6ab4e2b9dee76acf49"
"md","step-e-04-direct-edit","bmb","bmb/workflows/workflow/steps-e/step-e-04-direct-edit.md","9d5e13c0cc503c17d0977f1667d00b82b4191d875a269e04f6fb956c5cc0f27a"
"md","step-e-05-apply-edit","bmb","bmb/workflows/workflow/steps-e/step-e-05-apply-edit.md","c8e2613800416342214bc402433a4163afb26cd7561a9cac31e3e6bfe2a254aa"
"md","step-e-06-validate-after","bmb","bmb/workflows/workflow/steps-e/step-e-06-validate-after.md","130794b7a744775691256fe6b849e94a9764b8c22d775c9dce423c311145622f"
"md","step-e-07-complete","bmb","bmb/workflows/workflow/steps-e/step-e-07-complete.md","3c3b50718bcfc29a4db981bcf2c6cb4ff81598fc0ebe2f50ef36e4d0f7301c0f"
"md","step-file-rules","bmb","bmb/workflows/workflow/data/step-file-rules.md","bfc096df223992a8568e2e1a7b03bb3cb5fab26154c73782d2e94edd6fdaa4fd"
"md","step-template","bmb","bmb/workflows/workflow/templates/step-template.md","2bc3e860d0b59397c651137a020d0218982031df3eddd22f1bbc9bc0c3797ce1"
"md","step-type-patterns","bmb","bmb/workflows/workflow/data/step-type-patterns.md","5bf33d70160ae8b8914c4de64c8bb0bad6e2788883f613539711819c3cd8fc2b"
"md","subprocess-optimization-patterns","bmb","bmb/workflows/workflow/data/subprocess-optimization-patterns.md","7ab53a8001bbe9e81c76173dc7fc5cc53a7fb864d8ff69626b6e6cfeadfdc7e6"
"md","trimodal-workflow-structure","bmb","bmb/workflows/workflow/data/trimodal-workflow-structure.md","7908071a7e6962f9db23890b7f832b095064ca91eec2642273dbf7d62f0e4f27"
"md","understanding-agent-types","bmb","bmb/workflows/agent/data/understanding-agent-types.md","dc8255165a5d4409cb49462838f03321e03862857440c4f3f3822bb7d05d0002"
"md","v-01-load-review","bmb","bmb/workflows/agent/steps-v/v-01-load-review.md","eb6bbf20785bdca98336f6b8bfc893df6775551b13c01d67661d6e0577a7155e"
"md","v-02a-validate-metadata","bmb","bmb/workflows/agent/steps-v/v-02a-validate-metadata.md","3669dcb0235e35bd843454e2cc04ddaca8f9517c7617d79419196190044a0652"
"md","v-02b-validate-persona","bmb","bmb/workflows/agent/steps-v/v-02b-validate-persona.md","144ef430d5f1dc5af3a8a51c9c2b83cdd95ef5aefe0d406f7b20064c97ada4ba"
"md","v-02c-validate-menu","bmb","bmb/workflows/agent/steps-v/v-02c-validate-menu.md","4e8b2158dbce6d7ff3e7208da688bd74521926fbdec72933fce52f4301c112e5"
"md","v-02d-validate-structure","bmb","bmb/workflows/agent/steps-v/v-02d-validate-structure.md","e47d9af9855a276d5c7b93cdfd3ae25c8a6f9f28b3f3422284e867c79b05c433"
"md","v-02e-validate-sidecar","bmb","bmb/workflows/agent/steps-v/v-02e-validate-sidecar.md","51c675b7ab4ff44e52d147117002ae3497a97a47bf9fdf9da8edb659889bb38e"
"md","v-03-summary","bmb","bmb/workflows/agent/steps-v/v-03-summary.md","6167d149c018ef818508595b04c47ecd9e3c08569751932d71d3f9ac0550b34b"
"md","workflow-chaining-standards","bmb","bmb/workflows/workflow/data/workflow-chaining-standards.md","358099d64396ee13c6525969ee4d9ee29f4ad8adc0077ed67c3376764a15f9ce"
"md","workflow-create-agent","bmb","bmb/workflows/agent/workflow-create-agent.md","78d5216906af8725c6db58a7841af2bc0a9a616bcaf702bdaac552b9d83e335c"
"md","workflow-create-module","bmb","bmb/workflows/module/workflow-create-module.md","b30332d5ba94b8291e0bffd4ecf2376ee9d48453665ac120e8da2d7117e62945"
"md","workflow-create-module-brief","bmb","bmb/workflows/module/workflow-create-module-brief.md","dd6048358b4984308657a815a30838e04d71c0f2f0f50e7b4e8364bd7213c3f3"
"md","workflow-create-workflow","bmb","bmb/workflows/workflow/workflow-create-workflow.md","f6a8e93c9aa10e60c7971f75c53f0424cdff075fdde9f989138baa20337384ce"
"md","workflow-edit-agent","bmb","bmb/workflows/agent/workflow-edit-agent.md","5acab6518e762014be75268526e6a5582e23fb156f8986b4efb65e7289e73c93"
"md","workflow-edit-module","bmb","bmb/workflows/module/workflow-edit-module.md","673df9ccd0f761798cd883ba0ed8bbad4b8551d8635c75a1554f6038e7dede35"
"md","workflow-edit-workflow","bmb","bmb/workflows/workflow/workflow-edit-workflow.md","54755d0adbc8250ab153c3078b173770efdf1759d2f79d63b61a99990fe2d8e1"
"md","workflow-examples","bmb","bmb/workflows/workflow/data/workflow-examples.md","e48cbf37b50cfe15bde688266dba0e23591d531f232bdca8094fd421d37752c3"
"md","workflow-rework-workflow","bmb","bmb/workflows/workflow/workflow-rework-workflow.md","647354f6647188ba4c58917a98de9c1051a12c5d8b9dc6ecbabe2eda00ba4f0b"
"md","workflow-spec-template","bmb","bmb/workflows/module/templates/workflow-spec-template.md","5a3a958180e2ef0803b14237d8e225f632476fc7a144ba2aa7e9866c1a30eddd"
"md","workflow-template","bmb","bmb/workflows/workflow/templates/workflow-template.md","69b5725f58a76297f151ffc4cb1629fb7b33829e5e1f365f4cf0004d48b5082c"
"md","workflow-type-criteria","bmb","bmb/workflows/workflow/data/workflow-type-criteria.md","14b10793d4c01605c6f509b27e97cceb8c0c4f2c3cddc28404b844c04c4413d2"
"md","workflow-validate-agent","bmb","bmb/workflows/agent/workflow-validate-agent.md","b58223afbf53fdbc52b5a85ea23bd65498e44d3b6b7e2268e3b3ad8eaced34d5"
"md","workflow-validate-max-parallel-workflow","bmb","bmb/workflows/workflow/workflow-validate-max-parallel-workflow.md","3706b9ea43ee7308d227b2f18e3196626f545df552c134056773bf431f43a7b4"
"md","workflow-validate-module","bmb","bmb/workflows/module/workflow-validate-module.md","78b71d8a816067898e9a92596f3d2f66d4f36dad2ef7fc076894077532715fe4"
"md","workflow-validate-workflow","bmb","bmb/workflows/workflow/workflow-validate-workflow.md","40f34df97c9b2e23be656f3233cea7c5ff14def514a4d7735cd623f0887276d4"
"yaml","config","bmb","bmb/config.yaml","7c263d1b66b6d35d1b3304d3dfdcc34398a6401a6c1ab2c87fc73203f25e338b"
"csv","default-party","bmm","bmm/teams/default-party.csv","5af107a5b9e9092aeb81bd8c8b9bbe7003afb7bc500e64d56da7cc27ae0c4a6e"
"csv","documentation-requirements","bmm","bmm/workflows/document-project/documentation-requirements.csv","d1253b99e88250f2130516b56027ed706e643bfec3d99316727a4c6ec65c6c1d"
"csv","domain-complexity","bmm","bmm/workflows/2-plan-workflows/create-prd/data/domain-complexity.csv","f775f09fb4dc1b9214ca22db4a3994ce53343d976d7f6e5384949835db6d2770"
"csv","domain-complexity","bmm","bmm/workflows/3-solutioning/create-architecture/data/domain-complexity.csv","3dc34ed39f1fc79a51f7b8fc92087edb7cd85c4393a891d220f2e8dd5a101c70"
"csv","module-help","bmm","bmm/module-help.csv","f33b06127908f62ec65645e973392350904af703f90a7361f7f960474a9b7e0a"
"csv","project-types","bmm","bmm/workflows/2-plan-workflows/create-prd/data/project-types.csv","7a01d336e940fb7a59ff450064fd1194cdedda316370d939264a0a0adcc0aca3"
"csv","project-types","bmm","bmm/workflows/3-solutioning/create-architecture/data/project-types.csv","12343635a2f11343edb1d46906981d6f5e12b9cad2f612e13b09460b5e5106e7"
"json","project-scan-report-schema","bmm","bmm/workflows/document-project/templates/project-scan-report-schema.json","8466965321f1db22f5013869636199f67e0113706283c285a7ffbbf5efeea321"
"md","architecture-decision-template","bmm","bmm/workflows/3-solutioning/create-architecture/architecture-decision-template.md","5d9adf90c28df61031079280fd2e49998ec3b44fb3757c6a202cda353e172e9f"
"md","checklist","bmm","bmm/workflows/4-implementation/code-review/checklist.md","e30d2890ba5c50777bbe04071f754e975a1d7ec168501f321a79169c4201dd28"
"md","checklist","bmm","bmm/workflows/4-implementation/correct-course/checklist.md","24a3f3e0108398d490dcfbe8669afc50226673cad494f16a668b515ab24bf709"
"md","checklist","bmm","bmm/workflows/4-implementation/create-story/checklist.md","0d26d8426331fd35b84ac2cb640f698c0b58d92ae40c658bdba78941b99b8aad"
"md","checklist","bmm","bmm/workflows/4-implementation/dev-story/checklist.md","630b68c6824a8785003a65553c1f335222b17be93b1bd80524c23b38bde1d8af"
"md","checklist","bmm","bmm/workflows/4-implementation/sprint-planning/checklist.md","80b10aedcf88ab1641b8e5f99c9a400c8fd9014f13ca65befc5c83992e367dd7"
"md","checklist","bmm","bmm/workflows/document-project/checklist.md","581b0b034c25de17ac3678db2dbafedaeb113de37ddf15a4df6584cf2324a7d7"
"md","checklist","bmm","bmm/workflows/qa-generate-e2e-tests/checklist.md","83cd779c6527ff34184dc86f9eebfc0a8a921aee694f063208aee78f80a8fb12"
"md","deep-dive-instructions","bmm","bmm/workflows/document-project/workflows/deep-dive-instructions.md","48b947d438c29a44bfda2ec3c05efcc987397055dc143a49d44c9d4174b7ac09"
"md","deep-dive-template","bmm","bmm/workflows/document-project/templates/deep-dive-template.md","6198aa731d87d6a318b5b8d180fc29b9aa53ff0966e02391c17333818e94ffe9"
"md","epics-template","bmm","bmm/workflows/3-solutioning/create-epics-and-stories/templates/epics-template.md","b8ec5562b2a77efd80c40eba0421bbaab931681552e5a0ff01cd93902c447ff7"
"md","full-scan-instructions","bmm","bmm/workflows/document-project/workflows/full-scan-instructions.md","419912da2b9ea5642c5eff1805f07b8dc29138c23fba0d1092da75506e5e29fb"
"md","index-template","bmm","bmm/workflows/document-project/templates/index-template.md","42c8a14f53088e4fda82f26a3fe41dc8a89d4bcb7a9659dd696136378b64ee90"
"md","instructions","bmm","bmm/workflows/4-implementation/correct-course/instructions.md","9e239bb0653ef06846b03458c4d341fe5b82b173344c0a65cf226b989ac91313"
"md","instructions","bmm","bmm/workflows/4-implementation/retrospective/instructions.md","8dbd18308a8bafc462759934125725222e09c48de2e9af3cde73789867293def"
"md","instructions","bmm","bmm/workflows/4-implementation/sprint-planning/instructions.md","888312e225ce1944c21a98fbf49c4f118967b3676b23919906bdeda1132a2833"
"md","instructions","bmm","bmm/workflows/4-implementation/sprint-status/instructions.md","d4b7107ddbe33fb5dfc68a626c55585837743c39d171c73052cd93532c35c11d"
"md","instructions","bmm","bmm/workflows/document-project/instructions.md","57762fb89b42df577da1188bc881cf3a8d75a1bcc60bce9e1ab2b8bcfdf29a66"
"md","instructions","bmm","bmm/workflows/qa-generate-e2e-tests/instructions.md","3f3505f847f943b2f4a0699017c16e15fa3782f51090a0332304d7248e020e0c"
"md","prd-purpose","bmm","bmm/workflows/2-plan-workflows/create-prd/data/prd-purpose.md","49c4641b91504bb14e3887029b70beacaff83a2de200ced4f8cb11c1356ecaee"
"md","prd-template","bmm","bmm/workflows/2-plan-workflows/create-prd/templates/prd-template.md","7ccccab9c06a626b7a228783b0b9b6e4172e9ec0b10d47bbfab56958c898f837"
"md","product-brief.template","bmm","bmm/workflows/1-analysis/create-product-brief/product-brief.template.md","ae0f58b14455efd75a0d97ba68596a3f0b58f350cd1a0ee5b1af69540f949781"
"md","project-context-template","bmm","bmm/data/project-context-template.md","facd60b71649247146700b1dc7d709fa0ae09487f7cf2b5ff8f5ce1b3a8427e8"
"md","project-context-template","bmm","bmm/workflows/generate-project-context/project-context-template.md","54e351394ceceb0ac4b5b8135bb6295cf2c37f739c7fd11bb895ca16d79824a5"
"md","project-overview-template","bmm","bmm/workflows/document-project/templates/project-overview-template.md","a7c7325b75a5a678dca391b9b69b1e3409cfbe6da95e70443ed3ace164e287b2"
"md","readiness-report-template","bmm","bmm/workflows/3-solutioning/check-implementation-readiness/templates/readiness-report-template.md","0da97ab1e38818e642f36dc0ef24d2dae69fc6e0be59924dc2dbf44329738ff6"
"md","research.template","bmm","bmm/workflows/1-analysis/research/research.template.md","507bb6729476246b1ca2fca4693986d286a33af5529b6cd5cb1b0bb5ea9926ce"
"md","source-tree-template","bmm","bmm/workflows/document-project/templates/source-tree-template.md","109bc335ebb22f932b37c24cdc777a351264191825444a4d147c9b82a1e2ad7a"
"md","step-01-discover","bmm","bmm/workflows/generate-project-context/steps/step-01-discover.md","4fa1d13ec3c6db8560b6b1316b822ec2163a58b114b44e9aff733b171ef50ebe"
"md","step-01-document-discovery","bmm","bmm/workflows/3-solutioning/check-implementation-readiness/steps/step-01-document-discovery.md","9204972d801c28a76433230942c81bacc171e6b6951d3226cea9e7ca5c9310f1"
"md","step-01-init","bmm","bmm/workflows/1-analysis/create-product-brief/steps/step-01-init.md","1d8a0a692c78b01535fad65b18c178a566ffa4c62d5b920c7cadea23ceb9697a"
"md","step-01-init","bmm","bmm/workflows/1-analysis/research/domain-steps/step-01-init.md","b21ec2af60870caba5447183424b720e98d1b9232526d26b8d7b11e9f165c52c"
"md","step-01-init","bmm","bmm/workflows/1-analysis/research/market-steps/step-01-init.md","b2b030bc59dfe516e67f19d66f9c6d44d745343ccf2d726d4106290704aecdbd"
"md","step-01-init","bmm","bmm/workflows/1-analysis/research/technical-steps/step-01-init.md","aa809f6b4f152940792f7b4d95f424aaf8c9ebd7628f553486d1bd55b68f9567"
"md","step-01-init","bmm","bmm/workflows/2-plan-workflows/create-prd/steps-c/step-01-init.md","6ad502fa5bf5639eaf6a42e8f0bc0f2b811e0a3fd2ae3a24ed3333365f99e23c"
"md","step-01-init","bmm","bmm/workflows/2-plan-workflows/create-ux-design/steps/step-01-init.md","e76defb842ed5478ec16b35d6566f5ab7ecd8118b92b240a40ab9a7a1e7d3d0b"
"md","step-01-init","bmm","bmm/workflows/3-solutioning/create-architecture/steps/step-01-init.md","b270fd38b2144acb87e07c7496929ddd096717fc6f141736c2e9d1f574458314"
"md","step-01-mode-detection","bmm","bmm/workflows/bmad-quick-flow/quick-dev/steps/step-01-mode-detection.md","4c3843e94643e8231adf460554d39551b0dcbd21ea875c20e55373f91d91381f"
"md","step-01-understand","bmm","bmm/workflows/bmad-quick-flow/quick-spec/steps/step-01-understand.md","24c2d3d3703a9330994a7008a93327702f9551453b0d373476ee83e15d10a514"
"md","step-01-validate-prerequisites","bmm","bmm/workflows/3-solutioning/create-epics-and-stories/steps/step-01-validate-prerequisites.md","5ba8ba972e8376339ed2c9b75e4f98125521af0270bb5dff6e47ec73137e01de"
"md","step-01b-continue","bmm","bmm/workflows/1-analysis/create-product-brief/steps/step-01b-continue.md","c32490fda5f5a3d5c278baad8e9f4bd793e03429a5bf42c31719e0d90c9a3973"
"md","step-01b-continue","bmm","bmm/workflows/2-plan-workflows/create-prd/steps-c/step-01b-continue.md","5afc3f34f6089a03e9c9a88f13cb41617a7ef163db15c2b39b31ab6908bfa7d6"
"md","step-01b-continue","bmm","bmm/workflows/2-plan-workflows/create-ux-design/steps/step-01b-continue.md","07703fb9ddacf143e7f9cd21e69edc7cf087052d1dc5841674c122d18bb3b956"
"md","step-01b-continue","bmm","bmm/workflows/3-solutioning/create-architecture/steps/step-01b-continue.md","438f14332117c74e5d12f7630690ada4eae4fdcd04e4f47dc689915fe757f101"
"md","step-02-context","bmm","bmm/workflows/3-solutioning/create-architecture/steps/step-02-context.md","647fe1b6acc7f8cc8520bdb83654163db52328b6556c740880f42f119c9e1dcf"
"md","step-02-context-gathering","bmm","bmm/workflows/bmad-quick-flow/quick-dev/steps/step-02-context-gathering.md","1c4df806dea12554aae0240e5baf5c1cffa5948d0998c8e2c4a93df40d7c42ef"
"md","step-02-customer-behavior","bmm","bmm/workflows/1-analysis/research/market-steps/step-02-customer-behavior.md","93d20ddbd5506bc1d604c3ce56b42185bfe6f34402c45760e4cb7bec627f52e9"
"md","step-02-design-epics","bmm","bmm/workflows/3-solutioning/create-epics-and-stories/steps/step-02-design-epics.md","2c18d76a9b73eae8b9f552cd4252f8208a0c017624ddbaf6bcbe7b28ddfa217e"
"md","step-02-discovery","bmm","bmm/workflows/2-plan-workflows/create-prd/steps-c/step-02-discovery.md","4bd36411c2fa6d49057ff88d31bb70584dc572f3dd37a875ef6ce8c800d6ad71"
"md","step-02-discovery","bmm","bmm/workflows/2-plan-workflows/create-ux-design/steps/step-02-discovery.md","e24f22831bc612991a8b173dd2dbb1c887823041a9d83228f79c3fe06de680ba"
"md","step-02-domain-analysis","bmm","bmm/workflows/1-analysis/research/domain-steps/step-02-domain-analysis.md","9c4eabbed87b6bfc4636c98e96e551f69af7ef78a92b3f99ac6faa90a921c4c5"
"md","step-02-generate","bmm","bmm/workflows/generate-project-context/steps/step-02-generate.md","f881e84c685a356e54c57e8d26efbaaa91df3c1cdc1945b32ffd3c8fbbee6983"
"md","step-02-investigate","bmm","bmm/workflows/bmad-quick-flow/quick-spec/steps/step-02-investigate.md","bacc264e95c273d17c7f9ffcf820b5924bab48e04824da69f125aadb86d70273"
"md","step-02-prd-analysis","bmm","bmm/workflows/3-solutioning/check-implementation-readiness/steps/step-02-prd-analysis.md","f8c4f293c0a040fa9f73829ffeabfa073d0a8ade583adaefb26431ec83a76398"
"md","step-02-technical-overview","bmm","bmm/workflows/1-analysis/research/technical-steps/step-02-technical-overview.md","a8b8c49649087e8d5afa278840bfe3ed2e8203c820dbe7878ac7571956d940e0"
"md","step-02-vision","bmm","bmm/workflows/1-analysis/create-product-brief/steps/step-02-vision.md","4eb2d30f3b05c725490d8d298ab1ccdf638019c0b0e39996fdcdbf1fda5b7933"
"md","step-02b-vision","bmm","bmm/workflows/2-plan-workflows/create-prd/steps-c/step-02b-vision.md","04b8122cdb9438fdbfb5480934bdbd288f41cab9ed2aa362c910e362a29027a4"
"md","step-02c-executive-summary","bmm","bmm/workflows/2-plan-workflows/create-prd/steps-c/step-02c-executive-summary.md","52ee677ed43cc034945bb0761c8162d9070087550ef4b9070d3cf6abba74ea0e"
"md","step-03-competitive-landscape","bmm","bmm/workflows/1-analysis/research/domain-steps/step-03-competitive-landscape.md","93b8fb9b174cc8dca87bd18dafda7a6ee23727874e7eb86106fd40d7daeb6fb0"
"md","step-03-complete","bmm","bmm/workflows/generate-project-context/steps/step-03-complete.md","cf8d1d1904aeddaddb043c3c365d026cd238891cd702c2b78bae032a8e08ae17"
"md","step-03-core-experience","bmm","bmm/workflows/2-plan-workflows/create-ux-design/steps/step-03-core-experience.md","d44b618b75d60e3fc26b1f5ed1f5f92613194579914e522fbd09d40ab3a3e1f3"
"md","step-03-create-stories","bmm","bmm/workflows/3-solutioning/create-epics-and-stories/steps/step-03-create-stories.md","e6deb22291f05a96e56f5cb3ab88eca3bb6df564208edd8fcc693d4c27139f29"
"md","step-03-customer-pain-points","bmm","bmm/workflows/1-analysis/research/market-steps/step-03-customer-pain-points.md","4a224fb63d2814a1e2df9b82e42cb2573dc7ffacdf4e61a14a4763c433431a16"
"md","step-03-epic-coverage-validation","bmm","bmm/workflows/3-solutioning/check-implementation-readiness/steps/step-03-epic-coverage-validation.md","f425bcac163b9ea63a004039ff65fffea3499d9e01a2821bb11e0e17e6b6fc52"
"md","step-03-execute","bmm","bmm/workflows/bmad-quick-flow/quick-dev/steps/step-03-execute.md","852fe6239e0322081d5208be4737bad0c15ab08f0c8b93fbddb94491b9931a01"
"md","step-03-generate","bmm","bmm/workflows/bmad-quick-flow/quick-spec/steps/step-03-generate.md","19f5d60629298536f98f1ed1025002836e02a49a30aebed0ed300a40f64f5dd6"
"md","step-03-integration-patterns","bmm","bmm/workflows/1-analysis/research/technical-steps/step-03-integration-patterns.md","bb034b20b8c325c1948aa1c7350f0b7e68601a08ec72eb09884e4dae5d94554d"
"md","step-03-starter","bmm","bmm/workflows/3-solutioning/create-architecture/steps/step-03-starter.md","ad3ed7961446fe69249d46158df290d1aa8846ef490da1f93b5edf4ac80f23d1"
"md","step-03-success","bmm","bmm/workflows/2-plan-workflows/create-prd/steps-c/step-03-success.md","188c00f792f3dc6ef4f0f366743b810796dcbc79404327a5aa52da14cc41da70"
"md","step-03-users","bmm","bmm/workflows/1-analysis/create-product-brief/steps/step-03-users.md","1a73be748142bc05a468610f3c824442c794f6d81fc159cebf2497b2c3d3d2af"
"md","step-04-architectural-patterns","bmm","bmm/workflows/1-analysis/research/technical-steps/step-04-architectural-patterns.md","81e4e6f5c6048379ea45d0d4288a7247ff46855653ec6fccf5bbef0e78778ca9"
"md","step-04-customer-decisions","bmm","bmm/workflows/1-analysis/research/market-steps/step-04-customer-decisions.md","8a0c46828854693a7de16e148c3c9eb08b42409a2676b9a44b3cdffe06a577b3"
"md","step-04-decisions","bmm","bmm/workflows/3-solutioning/create-architecture/steps/step-04-decisions.md","d8cfd42f2fc9ef52337673c6f57d9cb3fc21e06ba4459ec7e6f68d68c4362649"
"md","step-04-emotional-response","bmm","bmm/workflows/2-plan-workflows/create-ux-design/steps/step-04-emotional-response.md","003e18f5f89e672d5b34aa95b31d10865ec3a1a32117f03c2402258d7c18f618"
"md","step-04-final-validation","bmm","bmm/workflows/3-solutioning/create-epics-and-stories/steps/step-04-final-validation.md","d1ce315d9045ae7f9cbc9df29f9c5c95f9617f56936b0ab7a36ced5bc96856e7"
"md","step-04-journeys","bmm","bmm/workflows/2-plan-workflows/create-prd/steps-c/step-04-journeys.md","3367b54b32865c6c764ce9872db06195551c16aab9f7d57d16e0e8f0f6415aae"
"md","step-04-metrics","bmm","bmm/workflows/1-analysis/create-product-brief/steps/step-04-metrics.md","52eaa6538732505db392527db1179e2a5cc95bcb9721de0f6edca4f48af0d9d1"
"md","step-04-regulatory-focus","bmm","bmm/workflows/1-analysis/research/domain-steps/step-04-regulatory-focus.md","179a82a4fdc32274a2ad3ce501b1b54ca1925b7ce9bcaad35503a9dd080e866a"
"md","step-04-review","bmm","bmm/workflows/bmad-quick-flow/quick-spec/steps/step-04-review.md","aa246ba5793f3a1c6dd434b388b41ccfb9e675bb55664a900a4eb2486e2a40e3"
"md","step-04-self-check","bmm","bmm/workflows/bmad-quick-flow/quick-dev/steps/step-04-self-check.md","0dde0d5c75c3884d6b4d3380263721ad63e02c3d438a100cba3d5da4957c271b"
"md","step-04-ux-alignment","bmm","bmm/workflows/3-solutioning/check-implementation-readiness/steps/step-04-ux-alignment.md","d2e15adf2aecc2c72f9bb9051e94042fc522fd7cfb16376f41bdcdd294319703"
"md","step-05-adversarial-review","bmm","bmm/workflows/bmad-quick-flow/quick-dev/steps/step-05-adversarial-review.md","57adb9395ed45b870bdbc1cad1aaeb065cd3bd7a4a6b0f94b193cb02926495eb"
"md","step-05-competitive-analysis","bmm","bmm/workflows/1-analysis/research/market-steps/step-05-competitive-analysis.md","ff6f606a80ffaf09aa325e38a4ceb321b97019e6542241b2ed4e8eb38b35efa8"
"md","step-05-domain","bmm","bmm/workflows/2-plan-workflows/create-prd/steps-c/step-05-domain.md","65db86b8bd1f9a899a3cb0e8a3d52aeeb2cd8d8c57196479f6353bd3ae0f4da6"
"md","step-05-epic-quality-review","bmm","bmm/workflows/3-solutioning/check-implementation-readiness/steps/step-05-epic-quality-review.md","e7fd60676d6ade485de77ce2dd4229811912594cb924d6c15bae5d9bdf105a7d"
"md","step-05-implementation-research","bmm","bmm/workflows/1-analysis/research/technical-steps/step-05-implementation-research.md","438a235bcb2dbbacb4c38d440b1636a208d4cbe8b5d109cb850cbdfb564b9071"
"md","step-05-inspiration","bmm","bmm/workflows/2-plan-workflows/create-ux-design/steps/step-05-inspiration.md","dadb7b2199dea4765cfd6cdeb7472937356cd558003e6562cec7c1b954a2cda9"
"md","step-05-patterns","bmm","bmm/workflows/3-solutioning/create-architecture/steps/step-05-patterns.md","6d64951770c748386274c9e12faec8aedded72031160140fc3380c976fbe0b7c"
"md","step-05-scope","bmm","bmm/workflows/1-analysis/create-product-brief/steps/step-05-scope.md","1a2a0698f8e044b6ce2e5efc9ed42f86dc52fa350315abff10f1dbd272dbcd95"
"md","step-05-technical-trends","bmm","bmm/workflows/1-analysis/research/domain-steps/step-05-technical-trends.md","210ef479757881d418db392ac38442d4df9033dedab7bdf8965503a83430ab55"
"md","step-06-complete","bmm","bmm/workflows/1-analysis/create-product-brief/steps/step-06-complete.md","ff7c1a20baa0d3773fd8c074b27491b2fcfbf08d0840751f33f857e9eb32b29e"
"md","step-06-design-system","bmm","bmm/workflows/2-plan-workflows/create-ux-design/steps/step-06-design-system.md","2cf18704a2e46ebd344ddc5197e9a2584d5735997e51a79aa9a18f6356c0620a"
"md","step-06-final-assessment","bmm","bmm/workflows/3-solutioning/check-implementation-readiness/steps/step-06-final-assessment.md","b2dbf24e1fa987f092c5e219099b4749c969ef6e909e0f507ced9ab44490ccde"
"md","step-06-innovation","bmm","bmm/workflows/2-plan-workflows/create-prd/steps-c/step-06-innovation.md","67bd616f34f56bcd01d68f9254ca234bf7b5f7d4dae21c562078010b87d47207"
"md","step-06-research-completion","bmm","bmm/workflows/1-analysis/research/market-steps/step-06-research-completion.md","ddc239b81dc76148b5b41741b3ca0d6d4a1f781e1db5e50d2c6b4222dd64eda9"
"md","step-06-research-synthesis","bmm","bmm/workflows/1-analysis/research/domain-steps/step-06-research-synthesis.md","ae7ea9eec7f763073e4e1ec7ef0dd247a2c9c8f8172c84cbcb0590986c67caa2"
"md","step-06-research-synthesis","bmm","bmm/workflows/1-analysis/research/technical-steps/step-06-research-synthesis.md","01d94ed48e86317754d1dafb328d57bd1ce8832c1f443bfd62413bbd07dcf3a1"
"md","step-06-resolve-findings","bmm","bmm/workflows/bmad-quick-flow/quick-dev/steps/step-06-resolve-findings.md","e657af6e3687e15852c860f018b73aa263bdcf6b9d544771a8c0c715581a2c99"
"md","step-06-structure","bmm","bmm/workflows/3-solutioning/create-architecture/steps/step-06-structure.md","efeb67ef10fab2050fe0a4845c868dc6ae036c98302daca22824436ea05b09e3"
"md","step-07-defining-experience","bmm","bmm/workflows/2-plan-workflows/create-ux-design/steps/step-07-defining-experience.md","d76323e59961efede2f4cb32c6837190fe4b218cf63d21f7a956f1acf92203c8"
"md","step-07-project-type","bmm","bmm/workflows/2-plan-workflows/create-prd/steps-c/step-07-project-type.md","2c2aae55e93bf31b3882cc6c24336cfc3cb1a753b96aa62121fff024e1d28fc0"
"md","step-07-validation","bmm","bmm/workflows/3-solutioning/create-architecture/steps/step-07-validation.md","a01726c23d82ca08915b1236b27a20fce6e35bf6ea858647579af405fbba88df"
"md","step-08-complete","bmm","bmm/workflows/3-solutioning/create-architecture/steps/step-08-complete.md","74844f0361750650b771cf64b4f824c2b47b9996b30072099c1cff1e6efe8789"
"md","step-08-scoping","bmm","bmm/workflows/2-plan-workflows/create-prd/steps-c/step-08-scoping.md","c6fd282a7ce026b4e50264032fe6489e99b14a1ac1b6db519e17ed82d9675ab3"
"md","step-08-visual-foundation","bmm","bmm/workflows/2-plan-workflows/create-ux-design/steps/step-08-visual-foundation.md","6e4546a98e0fc92c2afd6c55d278a71133c598dfd02bd6fc8498d06084a075e2"
"md","step-09-design-directions","bmm","bmm/workflows/2-plan-workflows/create-ux-design/steps/step-09-design-directions.md","cf00ac2918ee4f255bfbd9eb0a326f23edc705018a8ea0e40c8f1e0a70e0a554"
"md","step-09-functional","bmm","bmm/workflows/2-plan-workflows/create-prd/steps-c/step-09-functional.md","20e671f3f4731d9cd9aadd6bc4f88adff01859604fed44ede88c231b4afdc279"
"md","step-10-nonfunctional","bmm","bmm/workflows/2-plan-workflows/create-prd/steps-c/step-10-nonfunctional.md","1f0ede8c828a8b213bb8954e4c42aed7b1c42921264eb6a5c132f563a5cc9e07"
"md","step-10-user-journeys","bmm","bmm/workflows/2-plan-workflows/create-ux-design/steps/step-10-user-journeys.md","ae69afbc497dfd9a4d1197182d67090151f21463994fee1c404bf5ad1cd12331"
"md","step-11-component-strategy","bmm","bmm/workflows/2-plan-workflows/create-ux-design/steps/step-11-component-strategy.md","4c40ceb394d6595c192942a5b2d8622f2cbbcd7a3cf1b96156c61769b94b2816"
"md","step-11-polish","bmm","bmm/workflows/2-plan-workflows/create-prd/steps-c/step-11-polish.md","69b2b889f348cf53cb5f1f34021d74be4a68ff6aeed7b659b1db04a1cc52b62c"
"md","step-12-complete","bmm","bmm/workflows/2-plan-workflows/create-prd/steps-c/step-12-complete.md","7ef315f148a1611bb454a5e57163bc529b0502f64a8b0018acca6d0ba60e49d8"
"md","step-12-ux-patterns","bmm","bmm/workflows/2-plan-workflows/create-ux-design/steps/step-12-ux-patterns.md","220721526de1bc0d1b8efcdd15e33526e4dccfd7e2968d0518b0501d50e8d818"
"md","step-13-responsive-accessibility","bmm","bmm/workflows/2-plan-workflows/create-ux-design/steps/step-13-responsive-accessibility.md","70ce19ef0c3ccef894c43e7c206b70a572995267f6b280402270fc37a9bff5d6"
"md","step-14-complete","bmm","bmm/workflows/2-plan-workflows/create-ux-design/steps/step-14-complete.md","0869e6b5d4f4fcbe6cd1df0c7c0b4bb7a2817c7c0dd6a5f88062332ab2e1752b"
"md","step-e-01-discovery","bmm","bmm/workflows/2-plan-workflows/create-prd/steps-e/step-e-01-discovery.md","2bc88c9480ac5986c06672533ab2080b1ee01086033c8e441a8c80551c8a99ee"
"md","step-e-01b-legacy-conversion","bmm","bmm/workflows/2-plan-workflows/create-prd/steps-e/step-e-01b-legacy-conversion.md","e6bbe9020e6986a620fc0299a48e6c31c9d1ec14691df11be71baeb79837bc92"
"md","step-e-02-review","bmm","bmm/workflows/2-plan-workflows/create-prd/steps-e/step-e-02-review.md","b2660d88a445dc3f8f168f96ca92d4a1a36949e3b39fbf6cda5c77129636d9b1"
"md","step-e-03-edit","bmm","bmm/workflows/2-plan-workflows/create-prd/steps-e/step-e-03-edit.md","dfcc3e4f0b1ec050d4985af04dc02b28174a995e95327ca01ae4b8cac10cc1e5"
"md","step-e-04-complete","bmm","bmm/workflows/2-plan-workflows/create-prd/steps-e/step-e-04-complete.md","a1100f8639120311cbaf5a5a880db4e137216bc4bd0110b0926004107a99d3c3"
"md","step-v-01-discovery","bmm","bmm/workflows/2-plan-workflows/create-prd/steps-v/step-v-01-discovery.md","bd3353377451ab6ebffdb94895c4e089fb2e5dce4ecb33c5b69f42f71022ea1f"
"md","step-v-02-format-detection","bmm","bmm/workflows/2-plan-workflows/create-prd/steps-v/step-v-02-format-detection.md","251ea5a1cf7779db2dc39d5d8317976a27f84b421359c1974ae96c0943094341"
"md","step-v-02b-parity-check","bmm","bmm/workflows/2-plan-workflows/create-prd/steps-v/step-v-02b-parity-check.md","3481beae212bb0140c105d0ae87bb9714859c93a471048048512fd1278da2fcd"
"md","step-v-03-density-validation","bmm","bmm/workflows/2-plan-workflows/create-prd/steps-v/step-v-03-density-validation.md","5b95ecd032fb65f86b7eee7ce7c30c997dc2a8b5e4846d88c2853538591a9e40"
"md","step-v-04-brief-coverage-validation","bmm","bmm/workflows/2-plan-workflows/create-prd/steps-v/step-v-04-brief-coverage-validation.md","97eb248c7d67e6e5121dd0b020409583998fba433799ea4c5c8cb40c7ff9c7c1"
"md","step-v-05-measurability-validation","bmm","bmm/workflows/2-plan-workflows/create-prd/steps-v/step-v-05-measurability-validation.md","2f331ee6d4f174dec0e4b434bf7691bfcf3a13c6ee0c47a65989badaa6b6a28c"
"md","step-v-06-traceability-validation","bmm","bmm/workflows/2-plan-workflows/create-prd/steps-v/step-v-06-traceability-validation.md","970ea67486211a611a701e1490ab7e8f2f98060a9f78760b6ebfdb9f37743c74"
"md","step-v-07-implementation-leakage-validation","bmm","bmm/workflows/2-plan-workflows/create-prd/steps-v/step-v-07-implementation-leakage-validation.md","f75d1d808fdf3d61b15bea55418b82df747f45902b6b22fe541e83b4ea3fa465"
"md","step-v-08-domain-compliance-validation","bmm","bmm/workflows/2-plan-workflows/create-prd/steps-v/step-v-08-domain-compliance-validation.md","a1902baaf4eaaf946e5c2c2101a1ac46f8ee4397e599218b8dc030cd00c97512"
"md","step-v-09-project-type-validation","bmm","bmm/workflows/2-plan-workflows/create-prd/steps-v/step-v-09-project-type-validation.md","d53e95264625335184284d3f9d0fc6e7674f67bdf97e19362fc33df4bea7f096"
"md","step-v-10-smart-validation","bmm","bmm/workflows/2-plan-workflows/create-prd/steps-v/step-v-10-smart-validation.md","22d48a72bc599f45bbf8c3e81d651d3a1265a6450866c0689bf287f43d7874a4"
"md","step-v-11-holistic-quality-validation","bmm","bmm/workflows/2-plan-workflows/create-prd/steps-v/step-v-11-holistic-quality-validation.md","1022a1454aadff28e39fd5fa71dd76d8eefccfe438b9ef517a19b44d935c0f5b"
"md","step-v-12-completeness-validation","bmm","bmm/workflows/2-plan-workflows/create-prd/steps-v/step-v-12-completeness-validation.md","c966933a0ca3753db75591325cef4d4bdaf9639a1a63f9438758d32f7e1a1dda"
"md","step-v-13-report-complete","bmm","bmm/workflows/2-plan-workflows/create-prd/steps-v/step-v-13-report-complete.md","5bc59c257927becf116b0ee5eddbcc29d3b36ee05bf6c9de826fdacb45cf5dad"
"md","tech-spec-template","bmm","bmm/workflows/bmad-quick-flow/quick-spec/tech-spec-template.md","6e0ac4991508fec75d33bbe36197e1576d7b2a1ea7ceba656d616e7d7dadcf03"
"md","template","bmm","bmm/workflows/4-implementation/create-story/template.md","29ba697368d77e88e88d0e7ac78caf7a78785a7dcfc291082aa96a62948afb67"
"md","ux-design-template","bmm","bmm/workflows/2-plan-workflows/create-ux-design/ux-design-template.md","ffa4b89376cd9db6faab682710b7ce755990b1197a8b3e16b17748656d1fca6a"
"md","workflow","bmm","bmm/workflows/1-analysis/create-product-brief/workflow.md","3b0efaebdc6440dc75c6a24c17cbbf8dfb9583bf089f64408a4acf1674d483ad"
"md","workflow","bmm","bmm/workflows/2-plan-workflows/create-ux-design/workflow.md","21298564b342294f62339eda1b81aad392fca43e10e48f924a69cc3414dfb32d"
"md","workflow","bmm","bmm/workflows/3-solutioning/check-implementation-readiness/workflow.md","15ccd00030fa9cf406d50d6a2bd43a8966f1112a1d6fbc5be410c39f3f546a26"
"md","workflow","bmm","bmm/workflows/3-solutioning/create-architecture/workflow.md","4c1463096de99ed9130e73161744240a246bd08f6e6b72d1f2a2e606ac910394"
"md","workflow","bmm","bmm/workflows/3-solutioning/create-epics-and-stories/workflow.md","0e25a2680563be198875936db9c80c40f483b1e199050a89aef20ccb2a5b7377"
"md","workflow","bmm","bmm/workflows/bmad-quick-flow/quick-dev/workflow.md","a757fd8baaf6b1279aa7b115612bb13ddaaac659aa73c581701585f7d7f1ddad"
"md","workflow","bmm","bmm/workflows/bmad-quick-flow/quick-spec/workflow.md","2a8ddcedb8952e9ee72109ce5f24c19463fe78cc9805d0bd6b69006d10a6649a"
"md","workflow","bmm","bmm/workflows/generate-project-context/workflow.md","cd5be4cd8e119c652680fd9c28add994be40c48e1fca1a78b31d10eb99a7a740"
"md","workflow-create-prd","bmm","bmm/workflows/2-plan-workflows/create-prd/workflow-create-prd.md","b4d7376adfa8a2ec5fd62da51d9b19d7da16411dcd43a81224652e784dd6646c"
"md","workflow-domain-research","bmm","bmm/workflows/1-analysis/research/workflow-domain-research.md","6f09e3bcbf6f156b9fb9477dfaf3c076f030fde3a39d8317bb2cf6316718658f"
"md","workflow-edit-prd","bmm","bmm/workflows/2-plan-workflows/create-prd/workflow-edit-prd.md","c1786ba087f0f3b2b819a58309cb0742b8a56eb94271fe870579561a721c7936"
"md","workflow-market-research","bmm","bmm/workflows/1-analysis/research/workflow-market-research.md","ad12c80e4848bee2cb20818af7970efee508abcc98b026c2f873d7fa6b5ad2a5"
"md","workflow-technical-research","bmm","bmm/workflows/1-analysis/research/workflow-technical-research.md","1b88ee75dbf6b45910d37885ebbfe7f7a6cf78215a2da9bc86067cb7a9ce4e94"
"md","workflow-validate-prd","bmm","bmm/workflows/2-plan-workflows/create-prd/workflow-validate-prd.md","fe170fe82e944eddd0fc25bf6554b5f38663907afa28e093d1c8140039c63af4"
"xml","instructions","bmm","bmm/workflows/4-implementation/code-review/instructions.xml","1a6f0ae7d69a5c27b09de3efab2b205a007b466976acdeeaebf7f3abec7feb68"
"xml","instructions","bmm","bmm/workflows/4-implementation/create-story/instructions.xml","d4edc80bd7ccc0f7a844ecb575016b79380e255a236d1182f5f7312a104f0e3a"
"xml","instructions","bmm","bmm/workflows/4-implementation/dev-story/instructions.xml","b177c039072ad5e8a54374e6a17a2074dd608fd4da047bef528e362919a0fde8"
"yaml","config","bmm","bmm/config.yaml","9c410508a00c3d4824e21fd0f8acd1df05450bfe32a943b620bdcaf4954b76e8"
"yaml","deep-dive","bmm","bmm/workflows/document-project/workflows/deep-dive.yaml","efa8d70a594b7580f5312340f93da16f9e106419b1b1d06d2e23d6a30ef963fa"
"yaml","full-scan","bmm","bmm/workflows/document-project/workflows/full-scan.yaml","9d71cce37de1c3f43a7122f3c9705abdf3d677141698a2ab1b89a225f78f3fa9"
"yaml","sprint-status-template","bmm","bmm/workflows/4-implementation/sprint-planning/sprint-status-template.yaml","0d7fe922f21d4f00e538c265ff90e470c3e2eca761e663d84b7a1320b2f25980"
"yaml","team-fullstack","bmm","bmm/teams/team-fullstack.yaml","da8346b10dfad8e1164a11abeb3b0a84a1d8b5f04e01e8490a44ffca477a1b96"
"yaml","workflow","bmm","bmm/workflows/4-implementation/code-review/workflow.yaml","4d84f410d441e4c84cb58425e7fa0bf5216014a8272cca0da5102ffa45cfd76f"
"yaml","workflow","bmm","bmm/workflows/4-implementation/correct-course/workflow.yaml","1ac60df30f0962b7b923ed00ae77b11d7cc96e475c38e5d82da521ca32dda3f6"
"yaml","workflow","bmm","bmm/workflows/4-implementation/create-story/workflow.yaml","886c479403830bebf107b2011406b4019dbab2769b7a14987618541ef981d439"
"yaml","workflow","bmm","bmm/workflows/4-implementation/dev-story/workflow.yaml","6c819ead6d1b4bffc78d598db893c241d2dee9e41d0b5e58e3465f63baa613fd"
"yaml","workflow","bmm","bmm/workflows/4-implementation/retrospective/workflow.yaml","f69e64b620b6e172f2c5ad6ba654c4e66d7f2c6aba46f405b9ee75e68c822ed2"
"yaml","workflow","bmm","bmm/workflows/4-implementation/sprint-planning/workflow.yaml","e5a8e51cace022db18919ca819ea1c07b60a49369e24b93bd232e9a2efbf9a8f"
"yaml","workflow","bmm","bmm/workflows/4-implementation/sprint-status/workflow.yaml","375fe24859ed074a7d52a134b6c2473bdbaabb78381a193dccc7568c6dbaa680"
"yaml","workflow","bmm","bmm/workflows/document-project/workflow.yaml","5c61d95164a4b47189f7f4415bea38590458751ffab755eca5ed0ac0b30232a1"
"yaml","workflow","bmm","bmm/workflows/qa-generate-e2e-tests/workflow.yaml","150a6de81d3c0045aa5ba4c9da550f5f01f915384a2ec1c38166de86e00bd1b9"
"csv","default-party","cis","cis/teams/default-party.csv","464310e738ec38cf8114552e8274f6c517a17db0e0b176d494ab50154ba982d5"
"csv","design-methods","cis","cis/workflows/design-thinking/design-methods.csv","6735e9777620398e35b7b8ccb21e9263d9164241c3b9973eb76f5112fb3a8fc9"
"csv","innovation-frameworks","cis","cis/workflows/innovation-strategy/innovation-frameworks.csv","9a14473b1d667467172d8d161e91829c174e476a030a983f12ec6af249c4e42f"
"csv","module-help","cis","cis/module-help.csv","3819767970ffea9166182aa3ce51aae1aef7f42c85af5962c8198676d92db07d"
"csv","solving-methods","cis","cis/workflows/problem-solving/solving-methods.csv","aa15c3a862523f20c199600d8d4d0a23fce1001010d7efc29a71abe537d42995"
"csv","story-types","cis","cis/workflows/storytelling/story-types.csv","ec5a3c713617bf7e2cf7db439303dd8f3363daa2f6db20a350c82260ade88bdb"
"md","instructions","cis","cis/workflows/design-thinking/instructions.md","496c15117fb54314f3e1e8e57dfd2fe8e787281e5ba046b7a063d8c6f1f18d40"
"md","instructions","cis","cis/workflows/innovation-strategy/instructions.md","ad4be7be6fa5dd2abd9cc59bd7ec0af396d6a6b8c83d21dbbb769f1b6a2b22db"
"md","instructions","cis","cis/workflows/problem-solving/instructions.md","959b98b8b8c4df5b10d1f28177b571e5f022d1594f4c060571a60aae8a716263"
"md","instructions","cis","cis/workflows/storytelling/instructions.md","c9fd0927719c2f9de202c60b1835fd7618e2dcfb34de1845bfb907e7656fa64c"
"md","README","cis","cis/workflows/README.md","1f6a9ebc342e6f48a74db106d7fdc903fe48720a2cb2160902b1b563c78b2d1d"
"md","README","cis","cis/workflows/design-thinking/README.md","0a38f88352dc4674f6e1f55a67ffebf403bf329c874a21a49ce7834c08f91f62"
"md","README","cis","cis/workflows/innovation-strategy/README.md","820a9e734fadf2cfac94d499cec2e4b41a54d054c0d2f6b9819da319beee4fb9"
"md","README","cis","cis/workflows/problem-solving/README.md","a5e75b9899751d7aabffcf65785f10d4d2e0455f8c7c541e8a143e3babceca8b"
"md","README","cis","cis/workflows/storytelling/README.md","1bad4223dce51cb5a7ab8c116467f78037a4583d3a840210ee2f160ad15b71ee"
"md","template","cis","cis/workflows/design-thinking/template.md","7834c387ac0412c841b49a9fcdd8043f5ce053e5cb26993548cf4d31b561f6f0"
"md","template","cis","cis/workflows/innovation-strategy/template.md","e59bd789df87130bde034586d3e68bf1847c074f63d839945e0c29b1d0c85c82"
"md","template","cis","cis/workflows/problem-solving/template.md","6c9efd7ac7b10010bd9911db16c2fbdca01fb0c306d871fa6381eef700b45608"
"md","template","cis","cis/workflows/storytelling/template.md","461981aa772ef2df238070cbec90fc40995df2a71a8c22225b90c91afed57452"
"yaml","config","cis","cis/config.yaml","2af53438db27b91b3708bb79451a94f43c7b97c5cd42e92a720727673c4a58d2"
"yaml","creative-squad","cis","cis/teams/creative-squad.yaml","25407cf0ebdf5b10884cd03c86068e04715ef270ada93a3b64cb9907b62c71cf"
"yaml","workflow","cis","cis/workflows/design-thinking/workflow.yaml","6895c36be5ab2e4d46b1cd619d89328fd7579e268c8b4abb90e1760565141448"
"yaml","workflow","cis","cis/workflows/innovation-strategy/workflow.yaml","2de6ea124f2ba17f045a06c349dcd0f5f2e7161ea9b03aafb1559dee5adba743"
"yaml","workflow","cis","cis/workflows/problem-solving/workflow.yaml","c6004277b86ed9daef82fd9ec1fda2409042f066420eba5600f8af20ee902c57"
"yaml","workflow","cis","cis/workflows/storytelling/workflow.yaml","8312bc1fa4c93b78b782dcfed488545da839e915a4bb2c56a514a30a38fa3ea9"
"csv","brain-methods","core","core/workflows/brainstorming/brain-methods.csv","0ab5878b1dbc9e3fa98cb72abfc3920a586b9e2b42609211bb0516eefd542039"
"csv","methods","core","core/workflows/advanced-elicitation/methods.csv","e08b2e22fec700274982e37be608d6c3d1d4d0c04fa0bae05aa9dba2454e6141"
"csv","module-help","core","core/module-help.csv","4227d475748e8067aeae3e1a67d7b6235c109da13b2ef9131db930083dcb348d"
"md","help","core","core/tasks/help.md","ce052f4064a1693b20881d2f75103d88525f36b2770d27997773452d141dc1a3"
"md","step-01-agent-loading","core","core/workflows/party-mode/steps/step-01-agent-loading.md","04ab6b6247564f7edcd5c503f5ca7d27ae688b09bbe2e24345550963a016e9f9"
"md","step-01-session-setup","core","core/workflows/brainstorming/steps/step-01-session-setup.md","bc09cc22a0465b316ff3c13903b753768fa31d83abd3f9fc328631db63dc0cf8"
"md","step-01b-continue","core","core/workflows/brainstorming/steps/step-01b-continue.md","d76a406e0ff0a0e58006ec671b56f19a059e98cfebba4c0724ae6ccdd9303e7f"
"md","step-02-discussion-orchestration","core","core/workflows/party-mode/steps/step-02-discussion-orchestration.md","a8a79890bd03237e20f1293045ecf06f9a62bc590f5c2d4f88e250cee40abb0b"
"md","step-02a-user-selected","core","core/workflows/brainstorming/steps/step-02a-user-selected.md","558b162466745b92687a5d6e218f243a98436dd177b2d5544846c5ff4497cc94"
"md","step-02b-ai-recommended","core","core/workflows/brainstorming/steps/step-02b-ai-recommended.md","99aa935279889f278dcb2a61ba191600a18e9db356dd8ce62f0048d3c37c9531"
"md","step-02c-random-selection","core","core/workflows/brainstorming/steps/step-02c-random-selection.md","f188c260c321c7f026051fefcd267a26ee18ce2a07f64bab7f453c0c3e483316"
"md","step-02d-progressive-flow","core","core/workflows/brainstorming/steps/step-02d-progressive-flow.md","a28c7a3edf34ceb0eea203bf7dc80f39ca04974f6d1ec243f0a088281b2e55de"
"md","step-03-graceful-exit","core","core/workflows/party-mode/steps/step-03-graceful-exit.md","bdecc33004d73238ca05d8fc9d6b86cba89833630956f53ecd82ec3715c5f0da"
"md","step-03-technique-execution","core","core/workflows/brainstorming/steps/step-03-technique-execution.md","9e6abceec5f774c57cd5205e30a1f24a95441131dbffcae9c3dce72111f95ceb"
"md","step-04-idea-organization","core","core/workflows/brainstorming/steps/step-04-idea-organization.md","5224490c33bf4b23b2897f3bcf12abe0b1ced306541dd60c21df0ce9fc65d1ac"
"md","template","core","core/workflows/brainstorming/template.md","5c99d76963eb5fc21db96c5a68f39711dca7c6ed30e4f7d22aedee9e8bb964f9"
"md","workflow","core","core/workflows/brainstorming/workflow.md","73c9421b8dcae7dd3d43bad9fc94ed55df57f5695bc7266f26b2e560f9571e12"
"md","workflow","core","core/workflows/party-mode/workflow.md","9b8e2ee24af8031eb1c20de9e698c80ca24a4beca9e838512e86fd678d3df7f5"
"xml","editorial-review-prose","core","core/tasks/editorial-review-prose.xml","6380b4c2c30005519883363d050035d1e574a6e27e9200a4b244ec79845b13c6"
"xml","editorial-review-structure","core","core/tasks/editorial-review-structure.xml","4d5c60ae0024a9125331829540a6c6129f9e50f2f1fc07265a0e115fc4d52e8c"
"xml","index-docs","core","core/tasks/index-docs.xml","0f81d3c065555d8b930eab7a00e8a288a8f42c67b416f61db396b14753c32840"
"xml","review-adversarial-general","core","core/tasks/review-adversarial-general.xml","fd4d3b5ca0b9254c50ddd9b79868f3637fd6abae14416a93887b059d29474be9"
"xml","shard-doc","core","core/tasks/shard-doc.xml","51689fddea77a37342ce06d4c5723e9d10c6178e9cbcca58ae7c6f30e3b041b2"
"xml","workflow","core","core/tasks/workflow.xml","17bca7fa63bae20aaac4768d81463a7a2de7f80b60d4d9a8f36b70821ba86cfd"
"xml","workflow","core","core/workflows/advanced-elicitation/workflow.xml","590cc3594a3b8c51c2cab3aed266d0c6b3f2a828307e6cf01653e37ac10f259b"
"yaml","config","core","core/config.yaml","78c303d130c52db0fbb597f9f9acd5f08c2b4a659a873ad112d4776f6f1dd779"
"csv","default-party","tea","tea/teams/default-party.csv","b41cb24a2367b6d856c14f955d59b3e924ebead6c7a5ffba0d5c4c1d02cae0fb"
"csv","module-help","tea","tea/module-help.csv","39199c662ef9c9ea5616a5747e56b9edba4756e5833bc0ca3d051e5dba54129d"
"csv","tea-index","tea","tea/testarch/tea-index.csv","df3bfc11e23c9e5591036a64f6b9761644e4d4f5db2597c434472f162e3cb6b5"
"groovy","jenkins-pipeline-template","tea","tea/workflows/testarch/ci/jenkins-pipeline-template.groovy","f2b75c5ba3eda7537044909830ca674d794eaa929bcd032fcc2c523709b9bb77"
"md","adr-quality-readiness-checklist","tea","tea/testarch/knowledge/adr-quality-readiness-checklist.md","a8129b16c3b2afbc1f58fe5edc73dc8f1291c172c6ca009d92f1947bef1a237e"
"md","api-request","tea","tea/testarch/knowledge/api-request.md","d14f6e26151c48424d60cde5db81c0ffc8ec72eaf3357f27b4e137f222a4c4e3"
"md","api-testing-patterns","tea","tea/testarch/knowledge/api-testing-patterns.md","4b1b7069737d4916853f1393d1cd804ce7061454ad250fb919046a78b77c2648"
"md","atdd-checklist-template","tea","tea/workflows/testarch/atdd/atdd-checklist-template.md","352e3f331dea9ddc975487ef32bef01edcd838200740f55adfd81ddd37b8384f"
"md","auth-session","tea","tea/testarch/knowledge/auth-session.md","2b3de2a9468caf85f0e47ba9d79b142f424b6c10e3a342c264f1cf73d2f70ddc"
"md","burn-in","tea","tea/testarch/knowledge/burn-in.md","5ba3d2abe6b961e5bc3948ab165e801195bff3ee6e66569c00c219b484aa4b5d"
"md","certificate-template","tea","tea/workflows/testarch/teach-me-testing/templates/certificate-template.md","1473946a9e3601e473e6c6c7c2ac2cb6cf1b7f3f22d07f1828cd3a9275158a08"
"md","checklist","tea","tea/workflows/testarch/atdd/checklist.md","4af3b837cc5ce6a9f8177e153c61929060e08686607c375e4527c7cc993b2c70"
"md","checklist","tea","tea/workflows/testarch/automate/checklist.md","3a8f47b83ad8eff408f7126f7729d4b930738bf7d03b0caea91d1ef49aeb19ee"
"md","checklist","tea","tea/workflows/testarch/ci/checklist.md","f841e0abf5bcce9f0dc67e8dc808c0680026c7562aaac5c2cd24d3aa3cff76bb"
"md","checklist","tea","tea/workflows/testarch/framework/checklist.md","ab305378796798b33dfbf80b4db65db4797990cde0b014426e0fc09e68b38820"
"md","checklist","tea","tea/workflows/testarch/nfr-assess/checklist.md","7c940c238a25a53a6732ce2b5c74ae1e3fef020f61d032e03477024701462b5d"
"md","checklist","tea","tea/workflows/testarch/teach-me-testing/checklist.md","8ae9620ee1d25e3758be40e05e1ec0e5f8d06f47b9a8c77ae1e2eb965d9b3ff0"
"md","checklist","tea","tea/workflows/testarch/test-design/checklist.md","03f0058ceaa2bc2b8081b39db2c79293afb2a9e24cbce475770f2dbc0b97436d"
"md","checklist","tea","tea/workflows/testarch/test-review/checklist.md","5349341939bad271adae217749a0b960873d4a35dcb5f2f249bcfa5790c10617"
"md","checklist","tea","tea/workflows/testarch/trace/checklist.md","0fed29772d3b5c32bd447ae3631b91d5a8eaef4bf265337a061415545defe1c6"
"md","ci-burn-in","tea","tea/testarch/knowledge/ci-burn-in.md","4cdcf7b576dae8b5cb591a6fad69674f65044a0dc72ea57d561623dac93ec475"
"md","component-tdd","tea","tea/testarch/knowledge/component-tdd.md","88bd1f9ca1d5bcd1552828845fe80b86ff3acdf071bac574eda744caf7120ef8"
"md","contract-testing","tea","tea/testarch/knowledge/contract-testing.md","d8f662c286b2ea4772213541c43aebef006ab6b46e8737ebdc4a414621895599"
"md","data-factories","tea","tea/testarch/knowledge/data-factories.md","d7428fe7675da02b6f5c4c03213fc5e542063f61ab033efb47c1c5669b835d88"
"md","email-auth","tea","tea/testarch/knowledge/email-auth.md","43f4cc3138a905a91f4a69f358be6664a790b192811b4dfc238188e826f6b41b"
"md","error-handling","tea","tea/testarch/knowledge/error-handling.md","8a314eafb31e78020e2709d88aaf4445160cbefb3aba788b62d1701557eb81c1"
"md","feature-flags","tea","tea/testarch/knowledge/feature-flags.md","f6db7e8de2b63ce40a1ceb120a4055fbc2c29454ad8fca5db4e8c065d98f6f49"
"md","file-utils","tea","tea/testarch/knowledge/file-utils.md","7d1092930118fb160b9c0a4a48c398d9b08bb909d1e2432662d8e81e1e3b0087"
"md","fixture-architecture","tea","tea/testarch/knowledge/fixture-architecture.md","a3b6c1bcaf5e925068f3806a3d2179ac11dde7149e404bc4bb5602afb7392501"
"md","fixtures-composition","tea","tea/testarch/knowledge/fixtures-composition.md","8e57a897663a272fd603026aeec76941543c1e09d129e377846726fd405f3a5a"
"md","instructions","tea","tea/workflows/testarch/atdd/instructions.md","1e6702427b9707a4752eb1f73b62ddf703ba265c1c81b435568df134b4afbbfd"
"md","instructions","tea","tea/workflows/testarch/automate/instructions.md","7cccdb9b2b3fa9fb09a40fc15073868f03bcb06eb3f7f5b3381f6934963398aa"
"md","instructions","tea","tea/workflows/testarch/ci/instructions.md","85337f55b85c7a5279c8dd980ea2df5edbc76fc51da12c41bc70ccab7f5187f1"
"md","instructions","tea","tea/workflows/testarch/framework/instructions.md","360410b28a293d9965562f06a97a4396215daa64e7d531e86e9ba1ec32eb3707"
"md","instructions","tea","tea/workflows/testarch/nfr-assess/instructions.md","199485769b54a28b72d53da740eacddba2e95ebaa6f464c95ac89cea21cbd9b1"
"md","instructions","tea","tea/workflows/testarch/teach-me-testing/instructions.md","40c4eed58b058a9cc8cab7d32f3dbb1960e535c6456620b46e12ebfbd7692506"
"md","instructions","tea","tea/workflows/testarch/test-design/instructions.md","e4634bc92f6c852d1f15da07c9f342147f63b17f8a989fb715862291965f68a6"
"md","instructions","tea","tea/workflows/testarch/test-review/instructions.md","1b297de117e5e7c4436ba2981f9b6a27e097c9d465978a044907b8d57f80f5c7"
"md","instructions","tea","tea/workflows/testarch/trace/instructions.md","a0586aa0a411cf3fedc7d4e5c86ad477892ac1dddcb4e837d920e3b13924e30c"
"md","intercept-network-call","tea","tea/testarch/knowledge/intercept-network-call.md","ac8213cc28a9f9c452a6fb419356dd1d66ce495d7f29d188fcb1bb51456ba869"
"md","log","tea","tea/testarch/knowledge/log.md","54b09992275e1ab361bf109b342a7d487cbb5bafa4e9cc48b320a1a5eb11857f"
"md","network-error-monitor","tea","tea/testarch/knowledge/network-error-monitor.md","c9041fd4af8162580a12c7adad79fdf7539fae7d6717fe7dace05e851c1b734c"
"md","network-first","tea","tea/testarch/knowledge/network-first.md","2920e58e145626f5505bcb75e263dbd0e6ac79a8c4c2ec138f5329e06a6ac014"
"md","network-recorder","tea","tea/testarch/knowledge/network-recorder.md","ebd7a63b5834d69c75a826d775d86d466e0a0e4393101452198fe39da44772a6"
"md","nfr-criteria","tea","tea/testarch/knowledge/nfr-criteria.md","e63cee4a0193e4858c8f70ff33a497a1b97d13a69da66f60ed5c9a9853025aa1"
"md","nfr-report-template","tea","tea/workflows/testarch/nfr-assess/nfr-report-template.md","452ac39fb19ccd6bbd2185a99c5fc431a7ba134cd641482cfa9a9f5c91a2bffa"
"md","overview","tea","tea/testarch/knowledge/overview.md","351418dc882d0136053bc669f14d350d173f3759b16e58329dd5c4d282e59967"
"md","playwright-cli","tea","tea/testarch/knowledge/playwright-cli.md","e6d91a73ae853aab5aefa7aebd3245f01f8fbc0d7cbd81966f16815e6c7a2c53"
"md","playwright-config","tea","tea/testarch/knowledge/playwright-config.md","42516511104a7131775f4446196cf9e5dd3295ba3272d5a5030660b1dffaa69f"
"md","probability-impact","tea","tea/testarch/knowledge/probability-impact.md","446dba0caa1eb162734514f35366f8c38ed3666528b0b5e16c7f03fd3c537d0f"
"md","README","tea","tea/workflows/testarch/README.md","44b35bd1544523b8f75f453bb128b521d0bba77663e48de9502e8c0c12663707"
"md","recurse","tea","tea/testarch/knowledge/recurse.md","7937897b8d8fd74ab647634fb549ba9344e86d39f9a705e8731a7531e51ad726"
"md","risk-governance","tea","tea/testarch/knowledge/risk-governance.md","2fa2bc3979c4f6d4e1dec09facb2d446f2a4fbc80107b11fc41cbef2b8d65d68"
"md","selective-testing","tea","tea/testarch/knowledge/selective-testing.md","c14c8e1bcc309dbb86a60f65bc921abf5a855c18a753e0c0654a108eb3eb1f1c"
"md","selector-resilience","tea","tea/testarch/knowledge/selector-resilience.md","a55c25a340f1cd10811802665754a3f4eab0c82868fea61fea9cc61aa47ac179"
"md","session-notes-template","tea","tea/workflows/testarch/teach-me-testing/templates/session-notes-template.md","bdcc8dac35ed5ce2c7a95ab0fd55b2dfa27e3173ed1f5d78e44f8755514e1c70"
"md","step-01-assess","tea","tea/workflows/testarch/atdd/steps-e/step-01-assess.md","a98e5d250cd980cbe6bdc33682763512622eee8db3610d42f85e621df6eecf2d"
"md","step-01-assess","tea","tea/workflows/testarch/automate/steps-e/step-01-assess.md","a98e5d250cd980cbe6bdc33682763512622eee8db3610d42f85e621df6eecf2d"
"md","step-01-assess","tea","tea/workflows/testarch/ci/steps-e/step-01-assess.md","a98e5d250cd980cbe6bdc33682763512622eee8db3610d42f85e621df6eecf2d"
"md","step-01-assess","tea","tea/workflows/testarch/framework/steps-e/step-01-assess.md","a98e5d250cd980cbe6bdc33682763512622eee8db3610d42f85e621df6eecf2d"
"md","step-01-assess","tea","tea/workflows/testarch/nfr-assess/steps-e/step-01-assess.md","a98e5d250cd980cbe6bdc33682763512622eee8db3610d42f85e621df6eecf2d"
"md","step-01-assess","tea","tea/workflows/testarch/test-design/steps-e/step-01-assess.md","a98e5d250cd980cbe6bdc33682763512622eee8db3610d42f85e621df6eecf2d"
"md","step-01-assess","tea","tea/workflows/testarch/test-review/steps-e/step-01-assess.md","a98e5d250cd980cbe6bdc33682763512622eee8db3610d42f85e621df6eecf2d"
"md","step-01-assess","tea","tea/workflows/testarch/trace/steps-e/step-01-assess.md","a98e5d250cd980cbe6bdc33682763512622eee8db3610d42f85e621df6eecf2d"
"md","step-01-detect-mode","tea","tea/workflows/testarch/test-design/steps-c/step-01-detect-mode.md","48696d5760479dd78b9f45e6e87721acef95e54c3aee2e618f6bb485f05a74c6"
"md","step-01-init","tea","tea/workflows/testarch/teach-me-testing/steps-c/step-01-init.md","9a4ac8b773ebf75653d648d668a58c21d7e8ebae979e1dfd1a04e1bafb2eeaa9"
"md","step-01-load-context","tea","tea/workflows/testarch/nfr-assess/steps-c/step-01-load-context.md","1bd9a9d8fa6a456d7a1466956a476698b0ee70ebb621f0070c440f40e0bfba96"
"md","step-01-load-context","tea","tea/workflows/testarch/test-review/steps-c/step-01-load-context.md","d7731e4ecd420529acef856658cfb68635ec3f83559bad0eddc7ef70cb8abda6"
"md","step-01-load-context","tea","tea/workflows/testarch/trace/steps-c/step-01-load-context.md","3527da6233a1821bc89683a83d8299810a6892753955bd91f863d7fd3f692de4"
"md","step-01-preflight","tea","tea/workflows/testarch/ci/steps-c/step-01-preflight.md","fbff84d7fb1680a7b887fb8c1874cf5dbdeec3a200b8746cc9681d65ce692277"
"md","step-01-preflight","tea","tea/workflows/testarch/framework/steps-c/step-01-preflight.md","df7d70e9feac8df36fb89b449545fca6b739700e23f696b582c9d90122feba33"
"md","step-01-preflight-and-context","tea","tea/workflows/testarch/atdd/steps-c/step-01-preflight-and-context.md","68ba5276333773aee89c25c98a764eaf82c0899c40265aa2e3b6bd4b8b866440"
"md","step-01-preflight-and-context","tea","tea/workflows/testarch/automate/steps-c/step-01-preflight-and-context.md","02d366d0f5b4c976e1364bb34e40d16e88b4e3596de4bbea7df420f613925b0d"
"md","step-01-validate","tea","tea/workflows/testarch/atdd/steps-v/step-01-validate.md","b9951eb60134b511fb26a0af757b8c89fbbe4a6fc9620cfbae6b74cb9d312da5"
"md","step-01-validate","tea","tea/workflows/testarch/automate/steps-v/step-01-validate.md","f0044d7db87235d5814ae02217bff4e9cfe6b4457a37917e31c48d04be3b765d"
"md","step-01-validate","tea","tea/workflows/testarch/ci/steps-v/step-01-validate.md","389535b4c31b858a450ade6b4314ee28c2e705e0515e9602b21c0b0a2a95c5f3"
"md","step-01-validate","tea","tea/workflows/testarch/framework/steps-v/step-01-validate.md","63a16923831596800fd4dd7c7bb3aefe1cd11dcf1caa6c822fdc4ec9df8f7926"
"md","step-01-validate","tea","tea/workflows/testarch/nfr-assess/steps-v/step-01-validate.md","f6115af429f6e1ad012dce12fb9692b471f5245340060f00e85c5830c716c2c1"
"md","step-01-validate","tea","tea/workflows/testarch/test-design/steps-v/step-01-validate.md","34885b7d44716847b7e349520a5f14dcbaea2c330b53c4062892e436ca23be96"
"md","step-01-validate","tea","tea/workflows/testarch/test-review/steps-v/step-01-validate.md","4bf0c205961ba0aa642efee9cd5d8234284b158ebf1ab17b47963a7695d6f815"
"md","step-01-validate","tea","tea/workflows/testarch/trace/steps-v/step-01-validate.md","5b024f898b7665a0d53976a045aa99d0ea95089fd368bc3149b48bc48866a4ed"
"md","step-01b-continue","tea","tea/workflows/testarch/teach-me-testing/steps-c/step-01b-continue.md","6640cc4b88a8c52655491546fedd4e41396e81ec1f635ce8679f96a350921537"
"md","step-01b-resume","tea","tea/workflows/testarch/atdd/steps-c/step-01b-resume.md","029818d17dce00980da53768cc2e82720fba35591714853887f0e51198b99f13"
"md","step-01b-resume","tea","tea/workflows/testarch/automate/steps-c/step-01b-resume.md","60153862c91240326628d85284357dbd7688636b43c5a04c00a96926aeb71d3b"
"md","step-01b-resume","tea","tea/workflows/testarch/ci/steps-c/step-01b-resume.md","b1e63561bfc0808481e6c408c94d4c1fcf12e0b204c8a9d9d0974040ab65d02d"
"md","step-01b-resume","tea","tea/workflows/testarch/framework/steps-c/step-01b-resume.md","c9e5bffd9fa15d28089442b960e3fb6c72a2f04c6cae911378d7362af9b77296"
"md","step-01b-resume","tea","tea/workflows/testarch/nfr-assess/steps-c/step-01b-resume.md","4db8d8f53e0e42023971c9175e65d85fc936bbf77165e81c09e79f0e80db120a"
"md","step-01b-resume","tea","tea/workflows/testarch/test-design/steps-c/step-01b-resume.md","b4eeb6b1687a5a94bef7c8b9492b1ff3e0c6a7ee57e6a04b19229d32044effd0"
"md","step-01b-resume","tea","tea/workflows/testarch/test-review/steps-c/step-01b-resume.md","eea2c5d20b738ee20d182632ba60eda3af524421f5eeded7a06ad9adb5dff44c"
"md","step-01b-resume","tea","tea/workflows/testarch/trace/steps-c/step-01b-resume.md","4d589f5b86d5c2766e59e9b5ad1bddef1cf3cb815aeffb4b6bf3b004f5b2c141"
"md","step-02-apply-edit","tea","tea/workflows/testarch/atdd/steps-e/step-02-apply-edit.md","053a6c2c2a7605a0fb942e2f72c0a52e46eab993cf100883a3f40d2eb271b612"
"md","step-02-apply-edit","tea","tea/workflows/testarch/automate/steps-e/step-02-apply-edit.md","053a6c2c2a7605a0fb942e2f72c0a52e46eab993cf100883a3f40d2eb271b612"
"md","step-02-apply-edit","tea","tea/workflows/testarch/ci/steps-e/step-02-apply-edit.md","053a6c2c2a7605a0fb942e2f72c0a52e46eab993cf100883a3f40d2eb271b612"
"md","step-02-apply-edit","tea","tea/workflows/testarch/framework/steps-e/step-02-apply-edit.md","053a6c2c2a7605a0fb942e2f72c0a52e46eab993cf100883a3f40d2eb271b612"
"md","step-02-apply-edit","tea","tea/workflows/testarch/nfr-assess/steps-e/step-02-apply-edit.md","053a6c2c2a7605a0fb942e2f72c0a52e46eab993cf100883a3f40d2eb271b612"
"md","step-02-apply-edit","tea","tea/workflows/testarch/test-design/steps-e/step-02-apply-edit.md","053a6c2c2a7605a0fb942e2f72c0a52e46eab993cf100883a3f40d2eb271b612"
"md","step-02-apply-edit","tea","tea/workflows/testarch/test-review/steps-e/step-02-apply-edit.md","053a6c2c2a7605a0fb942e2f72c0a52e46eab993cf100883a3f40d2eb271b612"
"md","step-02-apply-edit","tea","tea/workflows/testarch/trace/steps-e/step-02-apply-edit.md","053a6c2c2a7605a0fb942e2f72c0a52e46eab993cf100883a3f40d2eb271b612"
"md","step-02-assess","tea","tea/workflows/testarch/teach-me-testing/steps-c/step-02-assess.md","21a2f9f2ef55cc191ccf840cc25df325b21b339244d8ab7dd5649dd3d3b33878"
"md","step-02-define-thresholds","tea","tea/workflows/testarch/nfr-assess/steps-c/step-02-define-thresholds.md","1884465177bc20061a4ffbd3e61701b160ad79a49eec1038e2b55e15edbe1e34"
"md","step-02-discover-tests","tea","tea/workflows/testarch/test-review/steps-c/step-02-discover-tests.md","1177af35cdf901a16988eeca2651432b7353becb77512b71979238fe6c38ba08"
"md","step-02-discover-tests","tea","tea/workflows/testarch/trace/steps-c/step-02-discover-tests.md","7e9b87ac2a870b075eab8e03c3ebb07f03b7cd458c3dbdef1502078b29d3df36"
"md","step-02-generate-pipeline","tea","tea/workflows/testarch/ci/steps-c/step-02-generate-pipeline.md","94ffd3707b84df99f5d2e6ec636aa7eed6dcf922ac84543f76b8c5b18ef37c85"
"md","step-02-generation-mode","tea","tea/workflows/testarch/atdd/steps-c/step-02-generation-mode.md","2fa9c59ecba5b9bf0c793d408d8827c6ff06478394d5220fddadc88834061c72"
"md","step-02-identify-targets","tea","tea/workflows/testarch/automate/steps-c/step-02-identify-targets.md","cc91c1bdb7e374c0611f6d1da73c1a4f17e3c99fd61f7b72ac797975696b07b4"
"md","step-02-load-context","tea","tea/workflows/testarch/test-design/steps-c/step-02-load-context.md","692a2771c272a1c7baeb471cd9830e74a5f384cfbb88fcb1105264e4d7bfdff4"
"md","step-02-select-framework","tea","tea/workflows/testarch/framework/steps-c/step-02-select-framework.md","0ab007159ec56a5ea42cb3de56b4456daf660e5f9bdc73cf9e4fd4e650ebe782"
"md","step-03-configure-quality-gates","tea","tea/workflows/testarch/ci/steps-c/step-03-configure-quality-gates.md","afc2e93fe4bb7f90508d3cde439080e1194d1621d90d54f22c1a206349fe27b1"
"md","step-03-gather-evidence","tea","tea/workflows/testarch/nfr-assess/steps-c/step-03-gather-evidence.md","9b74446085e31d5113dcbfc0f1f14854099faa269df70e0fbbcf5be2f94c7ed6"
"md","step-03-generate-tests","tea","tea/workflows/testarch/automate/steps-c/step-03-generate-tests.md","02019678b6db78169d3f2e3f465e7522d870d12971287dcfe3bf7f1c31a2c8cf"
"md","step-03-map-criteria","tea","tea/workflows/testarch/trace/steps-c/step-03-map-criteria.md","8459317d5db9ca972b4892b85698ee4edd521902a098344e692c6d9bcc18a704"
"md","step-03-quality-evaluation","tea","tea/workflows/testarch/test-review/steps-c/step-03-quality-evaluation.md","658b88905993a913093bac926d72525c032cc42b856f3d0c77228c3bca8322f1"
"md","step-03-risk-and-testability","tea","tea/workflows/testarch/test-design/steps-c/step-03-risk-and-testability.md","6bd73e152520edb7ac302dbbbb015829ed82fbff135a5d1d5ef1b961ae8ffece"
"md","step-03-scaffold-framework","tea","tea/workflows/testarch/framework/steps-c/step-03-scaffold-framework.md","389074faf5f9f7e14e1d01effa095820957a2a1d9e56577daeaf3f8100246772"
"md","step-03-session-menu","tea","tea/workflows/testarch/teach-me-testing/steps-c/step-03-session-menu.md","cdd71419e3d2e4c22132d66a9be1149235c2b59cef39cb75c0608c05ac072d6f"
"md","step-03-test-strategy","tea","tea/workflows/testarch/atdd/steps-c/step-03-test-strategy.md","7bf8961677a75612b2be69e9a91d908fb5cc68d73dadff77f1012a321b871508"
"md","step-03a-subprocess-api","tea","tea/workflows/testarch/automate/steps-c/step-03a-subprocess-api.md","c37a6f60a29aaef7f5c189f9736d07e43f299bca12b797ea3b17a09902e5b35e"
"md","step-03a-subprocess-determinism","tea","tea/workflows/testarch/test-review/steps-c/step-03a-subprocess-determinism.md","4c3f21fa0acfffc3a18dfae5a04784ed18811becf02606b9c6b4e17d3232b087"
"md","step-03b-subprocess-backend","tea","tea/workflows/testarch/automate/steps-c/step-03b-subprocess-backend.md","4c02d99467aa9f4a616cdad2d00bbff40f5fa0ea678d11f51d391e633176afd0"
"md","step-03b-subprocess-e2e","tea","tea/workflows/testarch/automate/steps-c/step-03b-subprocess-e2e.md","6e6cd2398c3f30e38ad829bf3539d963fb7df9db0bd3ab4a9facfed5a69119b1"
"md","step-03b-subprocess-isolation","tea","tea/workflows/testarch/test-review/steps-c/step-03b-subprocess-isolation.md","524ca871fc82fbb133f2601508a8cac8a88efd674e94615f306e6e6e4d6e88ad"
"md","step-03c-aggregate","tea","tea/workflows/testarch/automate/steps-c/step-03c-aggregate.md","b4ae98b8200ab2f99f2f5c7156e776f2bf8333045672f5054b1b74fd8dcd6c54"
"md","step-03c-subprocess-maintainability","tea","tea/workflows/testarch/test-review/steps-c/step-03c-subprocess-maintainability.md","7d830af71d7fbfa12f5a6fbc194171070d0560f388d68d34e105ea509d92af39"
"md","step-03e-subprocess-performance","tea","tea/workflows/testarch/test-review/steps-c/step-03e-subprocess-performance.md","6c707a81569a19ba7ffaa6b41cd3c3b962c9b20f5261418bd047cac4e46d46a1"
"md","step-03f-aggregate-scores","tea","tea/workflows/testarch/test-review/steps-c/step-03f-aggregate-scores.md","42ec659f51e20b00ee9b9c27c2b5bcbab08da3de0e30bb97141e5a8294f741ad"
"md","step-04-analyze-gaps","tea","tea/workflows/testarch/trace/steps-c/step-04-analyze-gaps.md","99ef64be265b8afbf2cf50e2ea0df599d2f0303ebedbcfb0045ecd8bbd430333"
"md","step-04-coverage-plan","tea","tea/workflows/testarch/test-design/steps-c/step-04-coverage-plan.md","2d6d9b2dce0371d3269a0f9987a40daefce228a3febce226b9f5563ab2e1b32c"
"md","step-04-docs-and-scripts","tea","tea/workflows/testarch/framework/steps-c/step-04-docs-and-scripts.md","c6c4fe85650286744422c4ffb9184494528aef28a86d72020ac598e20b66d51d"
"md","step-04-evaluate-and-score","tea","tea/workflows/testarch/nfr-assess/steps-c/step-04-evaluate-and-score.md","4bf182e4e6fc200879ecbc97c7f8d0421604d21598f49a6564e7b58d18dd2896"
"md","step-04-generate-report","tea","tea/workflows/testarch/test-review/steps-c/step-04-generate-report.md","b475dc9300a9ddde6c6f5ddb1219df094f3a766e4540bb1462c04c7ef1ce4990"
"md","step-04-generate-tests","tea","tea/workflows/testarch/atdd/steps-c/step-04-generate-tests.md","d9bf73cc4cfade65546091889efe77316c736e97acf7046585e00bb5a2445abb"
"md","step-04-session-01","tea","tea/workflows/testarch/teach-me-testing/steps-c/step-04-session-01.md","8573a43249eb408ec201cce49d2cbb61a304b7a4ca39a88c75c4dbc364e0149b"
"md","step-04-session-02","tea","tea/workflows/testarch/teach-me-testing/steps-c/step-04-session-02.md","a4081fca2bbb9b3fc06f83006b2ec6394fcdea018be2cdff6589ac4cc2c8a6f9"
"md","step-04-session-03","tea","tea/workflows/testarch/teach-me-testing/steps-c/step-04-session-03.md","729a7193128f6bad23b7da0f0893c7f78f08057d6fed30ddf339700b22b5e78e"
"md","step-04-session-04","tea","tea/workflows/testarch/teach-me-testing/steps-c/step-04-session-04.md","4fb21909bdb382b3964723d9aa02442c588f74006fddc14a28d7dc133bc6f2dc"
"md","step-04-session-05","tea","tea/workflows/testarch/teach-me-testing/steps-c/step-04-session-05.md","abad9591931c5d39e4f9c0a5d1c0688c8b8b0891e5e20bebebbcea45db802dc2"
"md","step-04-session-06","tea","tea/workflows/testarch/teach-me-testing/steps-c/step-04-session-06.md","03ef83440e4fb0f0d11dfc884d1f88016fef213edf7db9e72ba6d469283cb8af"
"md","step-04-session-07","tea","tea/workflows/testarch/teach-me-testing/steps-c/step-04-session-07.md","5f534f33567c6151b739f462d92b1d4b2b8c869be9f7359efdeafa78d5e9e720"
"md","step-04-validate-and-summarize","tea","tea/workflows/testarch/automate/steps-c/step-04-validate-and-summarize.md","2826e30ac9b288483e7d33bf9beb9f1e970ad1b248d8ea0c80712eee3efa309e"
"md","step-04-validate-and-summary","tea","tea/workflows/testarch/ci/steps-c/step-04-validate-and-summary.md","60e0b7ba72a5ae0c2d20d78800f5b355b7d075798a8c26114315b928aa273cac"
"md","step-04a-subprocess-api-failing","tea","tea/workflows/testarch/atdd/steps-c/step-04a-subprocess-api-failing.md","c5592888622a56e3cb54d8d0b789a769569ad951a99f479b7bc937e6f2c28c93"
"md","step-04a-subprocess-security","tea","tea/workflows/testarch/nfr-assess/steps-c/step-04a-subprocess-security.md","f0b6ee13028facd24fb748a7f5bf6c8ff790018f57f950e63adee96c31f430a8"
"md","step-04b-subprocess-e2e-failing","tea","tea/workflows/testarch/atdd/steps-c/step-04b-subprocess-e2e-failing.md","c9e61789001b4abeb75dfc7b3303a4c4fc6def51df0c8d19de1a3fe5eae0589d"
"md","step-04b-subprocess-performance","tea","tea/workflows/testarch/nfr-assess/steps-c/step-04b-subprocess-performance.md","191325fe28623b6ee52d22ecd62ee7f861da3ce9a6243be5f95b915fef7ae75b"
"md","step-04c-aggregate","tea","tea/workflows/testarch/atdd/steps-c/step-04c-aggregate.md","dea2b4f712850e06be7499343ce18922b6cc5d07c451941f7394d485c04ba1b2"
"md","step-04c-subprocess-reliability","tea","tea/workflows/testarch/nfr-assess/steps-c/step-04c-subprocess-reliability.md","f3aab9dbd369697405dfd3c6b57d0f374f0161d18c8b7ab69a9cfd7746011f2d"
"md","step-04d-subprocess-scalability","tea","tea/workflows/testarch/nfr-assess/steps-c/step-04d-subprocess-scalability.md","3d85f34e82a4ee0c6a5019700a8d73a733cef16886ff27cdc6c4a8bdb145a017"
"md","step-04e-aggregate-nfr","tea","tea/workflows/testarch/nfr-assess/steps-c/step-04e-aggregate-nfr.md","8a8636646ad53bfddf494064d1d22730e573ba16e48e0b4e0a2231bfe8417bde"
"md","step-05-completion","tea","tea/workflows/testarch/teach-me-testing/steps-c/step-05-completion.md","8d978ed5f3954b9f5c962dd1190e2c83dceff9e3a9b0981c7e008ba02d546edd"
"md","step-05-gate-decision","tea","tea/workflows/testarch/trace/steps-c/step-05-gate-decision.md","22fd5abf5e4e378fabdfb9738e744bccb6477a37af67f3e33bb0c9c3769d5b5c"
"md","step-05-generate-output","tea","tea/workflows/testarch/test-design/steps-c/step-05-generate-output.md","92236655b983d62ba5b69cbb57f428bbd8348ec0fcb23b2078b37b2908a2bb57"
"md","step-05-generate-report","tea","tea/workflows/testarch/nfr-assess/steps-c/step-05-generate-report.md","28246c1b3b25364090d7387bea500cd62eab86dfc937cd9f6dbc40326871fb0d"
"md","step-05-validate-and-complete","tea","tea/workflows/testarch/atdd/steps-c/step-05-validate-and-complete.md","b5b10be0212b3c7c7ee46206b4b83cd960ad291d377b6e3f8e68960a0c2d5560"
"md","step-05-validate-and-summary","tea","tea/workflows/testarch/framework/steps-c/step-05-validate-and-summary.md","8e3c857159a4af0223b3d0a7f58d4db84b330fab9e1124bd6c084fc656155e59"
"md","step-e-01-assess-workflow","tea","tea/workflows/testarch/teach-me-testing/steps-e/step-e-01-assess-workflow.md","b7b3cc8d845b79e9ef81d8c835f63bcbedc930396c0cab49a946dff1b6819e7a"
"md","step-e-02-apply-edits","tea","tea/workflows/testarch/teach-me-testing/steps-e/step-e-02-apply-edits.md","081679a34b6c02804d77156866ba9d41e1dd2952a902314b4937863ce874f27d"
"md","step-v-01-validate","tea","tea/workflows/testarch/teach-me-testing/steps-v/step-v-01-validate.md","b33a9eaac964dbe08d10ff15744f40b8118edc69844c856d4f80b9ba2da77865"
"md","test-design-architecture-template","tea","tea/workflows/testarch/test-design/test-design-architecture-template.md","39100455791354f6fb61205d096214b55f7db88c97ab5d67784f7c9b4f25238d"
"md","test-design-handoff-template","tea","tea/workflows/testarch/test-design/test-design-handoff-template.md","ce1dd24dd95244e4a511bef74a3a7cb10e5620a3a137195a31608f81ac7e7b1b"
"md","test-design-qa-template","tea","tea/workflows/testarch/test-design/test-design-qa-template.md","bc957f278009dd48156e9f9c9809f774fe262eeab0bbbbac12d6c91872a1f298"
"md","test-design-template","tea","tea/workflows/testarch/test-design/test-design-template.md","d3f5716f1dddb9412f23c31db2b9ed3e0acbdf3ff8ad016ff8544d3081db3e1b"
"md","test-healing-patterns","tea","tea/testarch/knowledge/test-healing-patterns.md","b44f7db1ebb1c20ca4ef02d12cae95f692876aee02689605d4b15fe728d28fdf"
"md","test-levels-framework","tea","tea/testarch/knowledge/test-levels-framework.md","80bbac7959a47a2e7e7de82613296f906954d571d2d64ece13381c1a0b480237"
"md","test-priorities-matrix","tea","tea/testarch/knowledge/test-priorities-matrix.md","321c3b708cc19892884be0166afa2a7197028e5474acaf7bc65c17ac861964a5"
"md","test-quality","tea","tea/testarch/knowledge/test-quality.md","97b6db474df0ec7a98a15fd2ae49671bb8e0ddf22963f3c4c47917bb75c05b90"
"md","test-review-template","tea","tea/workflows/testarch/test-review/test-review-template.md","a58e8a11043cddd5fd559796b6f1012ea96c131be8f793b9ac9659fb32faf4fc"
"md","timing-debugging","tea","tea/testarch/knowledge/timing-debugging.md","c4c87539bbd3fd961369bb1d7066135d18c6aad7ecd70256ab5ec3b26a8777d9"
"md","trace-template","tea","tea/workflows/testarch/trace/trace-template.md","e7bac767e41d8667c2db82f7ebf8222516bc89350232294caa985ac0a9d7ec54"
"md","validation-report-20260127-095021","tea","tea/workflows/testarch/atdd/validation-report-20260127-095021.md","cc5791172e30e79256633699ce166c1194aa9c7ecfdd4ca0eeb9b8b60eeee718"
"md","validation-report-20260127-095021","tea","tea/workflows/testarch/automate/validation-report-20260127-095021.md","a4ed16b892e13c2cb2319389b5ca222808ff2e25ed26e3c92f90c64b3a55933b"
"md","validation-report-20260127-095021","tea","tea/workflows/testarch/ci/validation-report-20260127-095021.md","3451d35e293ec9de1eb8c94e8d4ac7992f2258b032a2dcdc325c50ef2c70a190"
"md","validation-report-20260127-095021","tea","tea/workflows/testarch/framework/validation-report-20260127-095021.md","a48f4c83508201f857216ceec8d20d46d1ca7e69e2689528c3ba9f5844cb56be"
"md","validation-report-20260127-095021","tea","tea/workflows/testarch/nfr-assess/validation-report-20260127-095021.md","42b6fdceb1aad4385fadcc99bf6a326c54b9e0fd23a3120de2c071ebee479ecc"
"md","validation-report-20260127-095021","tea","tea/workflows/testarch/test-design/validation-report-20260127-095021.md","56461e256a8921cad80a7c505ef180286b236aeaba9bef25d8f637115dbdad3c"
"md","validation-report-20260127-095021","tea","tea/workflows/testarch/test-review/validation-report-20260127-095021.md","b9676cc40360957bc541688ce83e28162bde80b8824926a1f6b8a26121077e7a"
"md","validation-report-20260127-095021","tea","tea/workflows/testarch/trace/validation-report-20260127-095021.md","09744b32f1c99808271ea358260dc1675ebda062467bc13b80e1f84fbc93bff9"
"md","validation-report-20260127-102401","tea","tea/workflows/testarch/atdd/validation-report-20260127-102401.md","8c62f371ecd1577233445e019f371b6daa6bf4024dbf72a8aa1258f6cd5938b6"
"md","validation-report-20260127-102401","tea","tea/workflows/testarch/automate/validation-report-20260127-102401.md","4dacd786efbe88bce0b85740b9b31483bdb8edbd5932b0ef32f02217ea94b321"
"md","validation-report-20260127-102401","tea","tea/workflows/testarch/ci/validation-report-20260127-102401.md","558214d09c7dd1c11b6d301d66909df79c50af3116b0358c0bec3a4ab538a3f2"
"md","validation-report-20260127-102401","tea","tea/workflows/testarch/framework/validation-report-20260127-102401.md","e26c86c9637efe5fdd6f185185ba1fe39a5dd29040b1bf7c4b98b3958efa66e1"
"md","validation-report-20260127-102401","tea","tea/workflows/testarch/nfr-assess/validation-report-20260127-102401.md","ab75c92a054746a09b5a6cbad8f78e2a5b8d1b9985e7067c93ffa8509f15101f"
"md","validation-report-20260127-102401","tea","tea/workflows/testarch/test-design/validation-report-20260127-102401.md","01cd483608abc20ef97734ad22584d643bd05bb7ae62a360ce65c95d77e2c862"
"md","validation-report-20260127-102401","tea","tea/workflows/testarch/test-review/validation-report-20260127-102401.md","af3c0808bb19323227dd0c91a7b71b0f8bb928966c15986d9af2c20af5fa8ca8"
"md","validation-report-20260127-102401","tea","tea/workflows/testarch/trace/validation-report-20260127-102401.md","42d284ceccd481c91841c9da9a565d97067e866006e48db8572cc3e78017afea"
"md","visual-debugging","tea","tea/testarch/knowledge/visual-debugging.md","072a3d30ba6d22d5e628fc26a08f6e03f8b696e49d5a4445f37749ce5cd4a8a9"
"md","workflow","tea","tea/workflows/testarch/atdd/workflow.md","7230091cf7efe381b50c3c28b8aad10516da1cd8515b2c59b1796c58a6b9b0a2"
"md","workflow","tea","tea/workflows/testarch/automate/workflow.md","79a696e3e9dd2da47eac1ba1aae6c71a00bb90d0a902d1a0816064c5446f0ec0"
"md","workflow","tea","tea/workflows/testarch/ci/workflow.md","a25bac2fb0f88b3b3c33869c2f800b37729273c6c0cd202c69ae32ff18b0012a"
"md","workflow","tea","tea/workflows/testarch/framework/workflow.md","256ad1951a5eef16af4a7e3db991ce5e4a6d637e382ee23aa64c8d5a8c21afcb"
"md","workflow","tea","tea/workflows/testarch/nfr-assess/workflow.md","2a4c0bc7c960719bd2a7ccbfc6cec78fc99e771af515d74ff14a7de4ebeb4f3c"
"md","workflow","tea","tea/workflows/testarch/teach-me-testing/workflow.md","2eca4d56aa61da0f038a3a93d8db236299fdef3b6519ba2c8532b4bf0bab8032"
"md","workflow","tea","tea/workflows/testarch/test-design/workflow.md","d7e5cc6f9315a4903bde0a36766dd09eee641f9d5fa3ae899ca6019bb5a1178d"
"md","workflow","tea","tea/workflows/testarch/test-review/workflow.md","78e1503f2e350f45865ced98e3fc788f15481768fff60a69d51cf3246b0a5b94"
"md","workflow","tea","tea/workflows/testarch/trace/workflow.md","94ae8f595fbc499daa9698dea5a8be0b8a3c6f9a3432dcb1e913fa1f6fc04af8"
"md","workflow-plan","tea","tea/workflows/testarch/atdd/workflow-plan.md","b86e22eff2f91249f83cdd4c5a95cfe9caff51eded0cd1b7f51912ec61349183"
"md","workflow-plan","tea","tea/workflows/testarch/automate/workflow-plan.md","3d3cd40c76dc9f0c2387bef34e9391a9d3a25fe04ea4ebedb6adb72684a3ad06"
"md","workflow-plan","tea","tea/workflows/testarch/ci/workflow-plan.md","628dae2fcc680824c0e376feca84ce05b7cd674f0d5efc935964f4e705dddeb3"
"md","workflow-plan","tea","tea/workflows/testarch/framework/workflow-plan.md","6e181a5bd34a182f85fc9886bf205f13e89e6325db282f6e0f21cd59f122b7ab"
"md","workflow-plan","tea","tea/workflows/testarch/nfr-assess/workflow-plan.md","85ad2ae434f5fbdd55f84f4349f38ea1c72444fc5485821a8a4562a5da891b5a"
"md","workflow-plan","tea","tea/workflows/testarch/test-design/workflow-plan.md","e3b7f847205fb9c004b9772af0da7d9ed4c5038cbedd66c388d6a3b640be5a04"
"md","workflow-plan","tea","tea/workflows/testarch/test-review/workflow-plan.md","15723c03eee5bfc852cd39b843bf4435dabdf02f59a77bb8a8683c4ab8cb3ed6"
"md","workflow-plan","tea","tea/workflows/testarch/trace/workflow-plan.md","1a8d18420d10ecc4a775a858f4e55271bb8e8fca8f1fe98fa3fedaee353097d9"
"md","workflow-plan-teach-me-testing","tea","tea/workflows/testarch/teach-me-testing/workflow-plan-teach-me-testing.md","3d7db8a4b05c5f2e32f85666a6fbc31f03c375fd9479211e30bed69862e55618"
"yaml","azure-pipelines-template","tea","tea/workflows/testarch/ci/azure-pipelines-template.yaml","e53405833b819cd70b7226ea624236ff2490659985b0512244303dc9676acb34"
"yaml","config","tea","tea/config.yaml","b0e1b7d0e9737097de62d9e01838b47cbb761a8abd53c98900ba16f6bdce9095"
"yaml","curriculum","tea","tea/workflows/testarch/teach-me-testing/data/curriculum.yaml","210a80d8ec3951fce6337e2a2eb7fe4b8cbcae2ffe28185f768274b05d572263"
"yaml","github-actions-template","tea","tea/workflows/testarch/ci/github-actions-template.yaml","1dddde3259901d5eb0dc49a654ba55d378eab39be3d97910370de5a8cba89ac3"
"yaml","gitlab-ci-template","tea","tea/workflows/testarch/ci/gitlab-ci-template.yaml","af7d7e50802c1f4cbdfdfc20b0cd8a86ba5cec5b9eaedaec29e4c8aec6049ae6"
"yaml","harness-pipeline-template","tea","tea/workflows/testarch/ci/harness-pipeline-template.yaml","ed2dee2d279ecfe0bad0365950fe4f68cfa2d5a54d0d3bc50c7b85a26531c9db"
"yaml","progress-template","tea","tea/workflows/testarch/teach-me-testing/templates/progress-template.yaml","595fe007e9cecd907f0f695f581ff7c86dde770336be8134782a954d4fb6f48f"
"yaml","quiz-questions","tea","tea/workflows/testarch/teach-me-testing/data/quiz-questions.yaml","42c5e6c8703e22992cfcbbeb23d871054b15257153010efe53bf44dbc1f27b4f"
"yaml","role-paths","tea","tea/workflows/testarch/teach-me-testing/data/role-paths.yaml","c5ad85c1de113a6c403ad0f9a3588477caec72a4e4d858f41e96ebd0e4765a7a"
"yaml","session-content-map","tea","tea/workflows/testarch/teach-me-testing/data/session-content-map.yaml","0543af0912d23def025a15d43fa99d3e71f1913ef3c86b8121de6a340cc3019e"
"yaml","tea-resources-index","tea","tea/workflows/testarch/teach-me-testing/data/tea-resources-index.yaml","d6b9f9a0616ac1bc9bc05f24cca282fc0c0e836dfa72bc5d13771725a608d934"
"yaml","workflow","tea","tea/workflows/testarch/atdd/workflow.yaml","f50f442c45307078cf6cadf41bd1a67baac07e62470fbc4c37fe12d1c1660d35"
"yaml","workflow","tea","tea/workflows/testarch/automate/workflow.yaml","cabc2853d514d4606a9b081bb8f372ec741d25205c14d53193dd1d9f57772da9"
"yaml","workflow","tea","tea/workflows/testarch/ci/workflow.yaml","d7c418c49642dd9af05d9b8e5e19665b0ca5b5ab347fc28935c32f73f1df367b"
"yaml","workflow","tea","tea/workflows/testarch/framework/workflow.yaml","ab1554bef15bec457091e78a4595749a33abbb841c63911f0733b23519acc180"
"yaml","workflow","tea","tea/workflows/testarch/nfr-assess/workflow.yaml","6991db17eb5fe49df848d4f55db2a70c557bb09df92588a43d7bd56934df7a8a"
"yaml","workflow","tea","tea/workflows/testarch/test-design/workflow.yaml","ab32c10a576424e60477eb1ea07d38544245c0a8ff8004b9062705419f6300ac"
"yaml","workflow","tea","tea/workflows/testarch/test-review/workflow.yaml","b5a9b1ad68ead722475da084b44210cae4ca81719cffebdb7f296118467f3b50"
"yaml","workflow","tea","tea/workflows/testarch/trace/workflow.yaml","1005eb3d51ba09a1a977849466a782222099f81442b30679fbf12efe023bc724"
